index	vertices	close
0	881 843 894	1
1	849 828 806	1
2	935 947 913	1
3	957 956 924	1
4	950 940 916	1
5	809 816 803	1
6	803 816 824	1
7	897 895 899	1
8	850 857 853	1
9	853 869 865	1
10	893 902 925	1
11	894 843 837	1
12	944 932 917	1
13	908 926 890	1
14	926 946 944	1
15	931 903 932	1
16	955 959 962	1
17	962 965 953	1
18	851 838 823	1
19	838 836 834	1
20	875 889 876	1
21	871 902 878	1
22	927 905 912	1
23	838 829 836	1
24	892 859 920	1
25	920 923 936	1
26	922 905 928	1
27	905 922 896	1
28	862 900 882	1
29	832 810 823	1
30	823 810 815	1
31	915 900 909	1
32	844 904 864	1
33	909 907 911	1
34	737 791 750	1
35	742 760 735	1
36	735 753 754	1
37	753 770 754	1
38	773 782 693	1
39	450 582 469	1
40	359 569 350	1
41	350 534 316	1
42	777 757 732	1
43	484 489 370	1
44	2 1 132	1
45	174 107 132	1
46	470 523 486	1
47	514 580 517	1
48	625 661 666	1
49	345 303 452	1
50	452 473 345	1
51	362 355 464	1
52	860 872 861	1
53	872 871 861	1
54	614 594 663	1
55	640 712 636	1
56	652 582 559	1
57	75 99 114	1
58	173 111 159	1
59	122 179 123	1
60	220 264 217	1
61	195 169 152	1
62	146 199 179	1
63	179 199 202	1
64	178 180 137	1
65	96 89 141	1
66	187 157 141	1
67	744 747 740	1
68	97 90 126	1
69	58 56 97	1
70	698 748 725	1
71	775 765 798	1
72	719 688 726	1
73	615 584 583	1
74	651 596 620	1
75	456 437 443	1
76	443 437 430	1
77	418 386 413	1
78	386 364 336	1
79	596 639 573	1
80	403 381 438	1
81	271 273 321	1
82	524 449 496	1
83	466 389 440	1
84	449 467 387	1
85	339 397 423	1
86	493 397 388	1
87	322 290 388	1
88	387 312 299	1
89	383 441 384	1
90	612 611 591	1
91	648 670 655	1
92	650 655 657	1
93	659 668 647	1
94	714 699 708	1
95	714 729 705	1
96	716 685 680	1
97	525 482 527	1
98	634 609 586	1
99	258 240 272	1
100	219 240 210	1
101	285 335 269	1
102	288 305 280	1
103	228 219 183	1
104	340 301 308	1
105	283 295 276	1
106	330 357 389	1
107	102 108 80	1
108	74 34 33	1
109	198 203 176	1
110	203 195 176	1
111	195 203 217	1
112	481 501 478	1
113	383 384 372	1
114	372 384 368	1
115	463 458 435	1
116	492 512 510	1
117	526 554 531	1
118	598 576 575	1
119	581 578 633	1
120	398 361 368	1
121	424 455 404	1
122	448 444 405	1
123	284 323 313	1
124	383 372 356	1
125	372 368 356	1
126	100 116 152	1
127	726 690 702	1
128	690 656 702	1
129	447 434 454	1
130	642 600 599	1
131	551 645 599	1
132	23 22 87	1
133	135 134 177	1
134	213 212 257	1
135	298 243 266	1
136	231 185 192	1
137	164 113 121	1
138	77 27 26	1
139	428 445 511	1
140	461 560 538	1
141	417 421 431	1
142	429 413 399	1
143	328 289 282	1
144	426 425 395	1
145	431 394 417	1
146	394 393 417	1
147	924 907 913	1
148	954 944 946	1
149	959 954 949	1
150	464 473 551	1
151	535 630 653	1
152	552 557 640	1
153	377 314 267	1
154	150 181 255	1
155	518 542 452	1
156	355 255 345	1
157	246 362 249	1
158	723 661 663	1
159	106 110 105	1
160	189 142 136	1
161	171 205 178	1
162	698 652 632	1
163	271 222 273	1
164	471 497 499	1
165	536 563 564	1
166	686 659 671	1
167	658 669 691	1
168	543 573 496	1
169	724 734 709	1
170	707 727 708	1
171	586 521 525	1
172	284 258 292	1
173	306 353 324	1
174	593 585 610	1
175	668 626 647	1
176	647 626 622	1
177	576 598 626	1
178	626 598 622	1
179	441 383 376	1
180	326 356 325	1
181	106 100 152	1
182	568 602 583	1
183	615 643 656	1
184	889 859 892 879	1
185	727 744 740 729	1
186	828 811 802 806	1
187	802 811 825 807	1
188	825 811 828 848	1
189	848 828 849 887	1
190	913 947 957 924	1
191	924 956 950 916	1
192	916 940 934 894	1
193	894 934 919 881	1
194	919 887 849 881	1
195	806 843 881 849	1
196	907 924 916 885	1
197	902 893 884 878	1
198	893 913 907 884	1
199	801 809 803 797	1
200	816 830 846 824	1
201	830 816 795 800	1
202	816 809 801 795	1
203	797 784 795 801	1
204	865 869 888 855	1
205	888 869 895 897	1
206	899 895 870 858	1
207	858 870 831 812	1
208	812 831 800 762	1
209	795 784 762 800	1
210	855 850 853 865	1
211	853 857 895 869	1
212	830 827 833 846	1
213	833 857 850 846	1
214	857 833 870 895	1
215	935 913 893 925	1
216	885 916 894 837	1
217	929 914 886 903	1
218	914 901 874 886	1
219	901 908 890 874	1
220	917 890 926 944	1
221	959 955 944 954	1
222	954 942 939 949	1
223	949 939 941 951	1
224	940 950 960 951	1
225	951 960 959 949	1
226	955 943 932 944	1
227	932 903 886 917	1
228	886 874 890 917	1
229	939 942 928 930	1
230	954 946 936 942	1
231	946 926 920 936	1
232	926 908 892 920	1
233	908 901 891 892	1
234	901 914 898 891	1
235	914 929 921 898	1
236	903 931 937 929	1
237	932 943 938 931	1
238	938 943 953 948	1
239	943 955 962 953	1
240	959 960 963 962	1
241	960 950 956 963	1
242	956 957 964 963	1
243	964 957 947 958	1
244	963 964 965 962	1
245	953 965 961 948	1
246	965 964 958 961	1
247	952 938 948 961	1
248	931 938 952 937	1
249	929 937 933 921	1
250	921 933 925 902	1
251	925 933 945 935	1
252	935 945 958 947	1
253	961 958 945 952	1
254	937 952 945 933	1
255	951 941 934 940	1
256	934 941 927 919	1
257	919 927 912 887	1
258	912 880 848 887	1
259	848 880 840 825	1
260	825 840 815 807	1
261	823 815 840 835	1
262	836 875 876 834	1
263	889 879 877 876	1
264	879 892 891 877	1
265	891 898 871 872	1
266	898 921 902 871	1
267	939 930 927 941	1
268	905 867 880 912	1
269	880 867 835 840	1
270	823 835 867 851	1
271	851 896 873 838	1
272	829 839 875 836	1
273	839 859 889 875	1
274	859 839 923 920	1
275	942 936 923 928	1
276	906 923 839 829	1
277	838 873 906 829	1
278	923 906 922 928	1
279	927 930 928 905	1
280	905 896 851 867	1
281	906 873 896 922	1
282	833 827 831 870	1
283	827 830 800 831	1
284	645 551 542 623	1
285	738 767 788 756	1
286	756 788 808 780	1
287	780 808 819 793	1
288	793 819 822 798	1
289	822 818 794 798	1
290	818 814 787 794	1
291	787 814 813 783	1
292	711 684 725 759	1
293	860 861 852 845	1
294	845 852 822 819	1
295	852 841 818 822	1
296	841 847 814 818	1
297	814 847 842 813	1
298	842 847 882 883	1
299	847 841 862 882	1
300	841 852 861 862	1
301	871 878 862 861	1
302	900 862 878 884	1
303	808 832 845 819	1
304	845 832 834 860	1
305	838 834 832 823	1
306	915 904 844 883	1
307	883 882 900 915	1
308	900 884 907 909	1
309	783 813 791 759	1
310	813 842 821 791	1
311	844 821 842 883	1
312	864 904 910 866	1
313	904 915 918 910	1
314	915 909 911 918	1
315	911 907 885 868	1
316	868 885 837 820	1
317	843 806 768 837	1
318	802 790 768 806	1
319	745 771 786 767	1
320	767 786 810 788	1
321	788 810 832 808	1
322	791 737 711 759	1
323	791 821 773 750	1
324	821 844 782 773	1
325	844 864 796 782	1
326	864 866 799 796	1
327	799 866 826 779	1
328	866 910 856 826	1
329	910 918 863 856	1
330	863 918 911 854	1
331	911 868 817 854	1
332	868 820 778 817	1
333	820 774 742 778	1
334	770 805 792 754	1
335	652 684 603 582	1
336	684 711 630 603	1
337	711 737 653 630	1
338	737 750 677 653	1
339	693 677 750 773	1
340	693 782 796 715	1
341	715 796 799 718	1
342	718 799 779 701	1
343	701 779 722 660	1
344	779 826 769 722	1
345	826 856 785 769	1
346	856 863 789 785	1
347	863 854 776 789	1
348	854 817 731 776	1
349	817 778 676 731	1
350	778 742 638 676	1
351	582 603 506 469	1
352	603 630 535 506	1
353	535 653 677 561	1
354	561 677 693 579	1
355	579 693 715 592	1
356	592 715 718 595	1
357	595 718 701 588	1
358	588 701 660 569	1
359	534 660 722 604	1
360	722 769 667 604	1
361	769 785 696 667	1
362	785 789 695 696	1
363	789 776 662 695	1
364	776 731 601 662	1
365	218 450 469 230	1
366	230 469 506 247	1
367	247 506 535 274	1
368	274 535 561 302	1
369	302 561 579 329	1
370	329 579 592 342	1
371	342 592 595 351	1
372	351 595 588 371	1
373	569 359 371 588	1
374	350 569 660 534	1
375	316 534 604 427	1
376	427 604 667 483	1
377	667 696 505 483	1
378	696 695 498 505	1
379	695 662 468 498	1
380	61 218 230 63	1
381	63 230 247 65	1
382	65 247 274 67	1
383	67 274 302 68	1
384	68 302 329 70	1
385	70 329 342 72	1
386	72 342 351 73	1
387	73 351 371 71	1
388	371 359 69 71	1
389	359 350 66 69	1
390	350 316 64 66	1
391	64 316 427 62	1
392	62 427 483 60	1
393	60 483 505 57	1
394	505 498 53 57	1
395	498 468 49 53	1
396	468 392 45 49	1
397	392 297 42 45	1
398	297 286 32 42	1
399	286 315 20 32	1
400	315 327 16 20	1
401	327 337 8 16	1
402	662 601 392 468	1
403	601 519 297 392	1
404	519 516 286 297	1
405	516 541 315 286	1
406	541 567 327 315	1
407	567 590 337 327	1
408	731 676 519 601	1
409	676 638 516 519	1
410	638 665 541 516	1
411	665 697 567 541	1
412	697 713 590 567	1
413	742 735 665 638	1
414	735 754 697 665	1
415	754 792 713 697	1
416	723 741 761 746	1
417	741 755 760 761	1
418	742 774 761 760	1
419	735 760 755 753	1
420	753 755 743 770	1
421	770 743 712 757	1
422	706 743 755 741	1
423	805 770 757 777	1
424	640 732 757 712	1
425	732 640 557 613	1
426	557 489 484 613	1
427	489 412 334 370	1
428	370 334 248 245	1
429	245 248 190 149	1
430	190 1 0 149	1
431	4 120 139 5	1
432	640 636 523 552	1
433	557 490 412 489	1
434	557 552 451 490	1
435	490 451 314 377	1
436	314 191 174 267	1
437	191 120 107 174	1
438	120 4 3 107	1
439	132 107 3 2	1
440	1 190 233 132	1
441	190 248 309 233	1
442	248 334 412 309	1
443	490 377 309 412	1
444	377 267 233 309	1
445	267 174 132 233	1
446	120 191 225 139	1
447	191 314 346 225	1
448	314 451 470 346	1
449	552 523 470 451	1
450	523 547 495 486	1
451	547 565 508 495	1
452	565 580 514 508	1
453	518 587 623 542	1
454	781 758 739 766	1
455	723 746 766 739	1
456	790 766 746 768	1
457	517 580 641 587	1
458	666 641 580 625	1
459	5 139 145 6	1
460	139 225 236 145	1
461	225 346 379 236	1
462	486 379 346 470	1
463	379 486 495 407	1
464	495 508 422 407	1
465	508 514 432 422	1
466	514 517 453 432	1
467	587 518 453 517	1
468	7 154 161 9	1
469	154 253 262 161	1
470	407 253 236 379	1
471	253 154 145 236	1
472	154 7 6 145	1
473	303 181 170 268	1
474	268 170 161 262	1
475	170 10 9 161	1
476	181 12 10 170	1
477	11 12 181 150	1
478	181 303 345 255	1
479	518 452 303 453	1
480	453 303 268 432	1
481	432 268 262 422	1
482	253 407 422 262	1
483	551 473 452 542	1
484	345 473 464 355	1
485	255 246 147 150	1
486	150 147 13 11	1
487	14 13 147 158	1
488	158 147 246 249	1
489	255 355 362 246	1
490	802 807 804 790	1
491	766 790 804 781	1
492	758 781 786 771	1
493	781 804 810 786	1
494	807 815 810 804	1
495	746 761 774 768	1
496	837 768 774 820	1
497	834 876 877 860	1
498	891 872 860 877	1
499	625 614 663 661	1
500	741 723 663 706	1
501	743 706 636 712	1
502	663 594 636 706	1
503	547 523 636 594	1
504	594 614 565 547	1
505	614 625 580 565	1
506	582 450 414 559	1
507	450 218 209 414	1
508	218 61 59 209	1
509	40 39 104 91	1
510	39 38 78 104	1
511	142 104 78 136	1
512	75 114 136 78	1
513	38 37 75 78	1
514	76 75 37 36	1
515	99 110 130 114	1
516	116 100 106 111	1
517	116 111 173 176	1
518	111 106 123 159	1
519	105 110 99 95	1
520	75 76 95 99	1
521	95 112 122 105	1
522	106 105 122 123	1
523	123 179 173 159	1
524	186 173 179 202	1
525	202 244 264 220	1
526	264 227 195 217	1
527	227 189 169 195	1
528	152 169 114 130	1
529	114 169 189 136	1
530	142 171 138 124	1
531	138 137 92 93	1
532	137 117 81 92	1
533	122 112 146 179	1
534	202 199 242 244	1
535	280 264 244 288	1
536	280 251 227 264	1
537	251 205 189 227	1
538	142 189 205 171	1
539	171 178 137 138	1
540	180 160 117 137	1
541	160 156 118 117	1
542	118 125 85 79	1
543	79 85 47 46	1
544	52 51 89 96	1
545	119 115 153 144	1
546	153 115 125 163	1
547	125 118 156 163	1
548	156 160 196 197	1
549	160 180 208 196	1
550	205 208 180 178	1
551	205 251 252 208	1
552	208 252 235 196	1
553	196 235 239 197	1
554	156 197 194 163	1
555	163 194 193 153	1
556	193 183 144 153	1
557	119 144 148 131	1
558	89 131 167 141	1
559	141 157 101 96	1
560	720 747 736 721	1
561	736 687 679 721	1
562	608 679 687 616	1
563	358 216 229 373	1
564	216 97 126 229	1
565	96 101 54 52	1
566	539 374 358 522	1
567	374 207 216 358	1
568	207 58 97 216	1
569	97 56 55 90	1
570	101 90 55 54	1
571	58 207 209 59	1
572	207 374 414 209	1
573	374 539 559 414	1
574	652 559 539 632	1
575	684 652 698 725	1
576	759 725 748 783	1
577	783 748 763 787	1
578	763 772 794 787	1
579	772 775 798 794	1
580	522 616 632 539	1
581	698 632 616 687	1
582	748 698 687 736	1
583	747 763 748 736	1
584	747 744 772 763	1
585	744 749 775 772	1
586	765 775 749 752	1
587	765 733 719 764	1
588	726 688 651 690	1
589	690 651 620 656	1
590	656 620 584 615	1
591	584 545 548 583	1
592	545 509 513 548	1
593	509 476 487 513	1
594	744 727 734 749	1
595	765 752 724 733	1
596	664 719 733 682	1
597	719 664 639 688	1
598	688 639 596 651	1
599	596 566 584 620	1
600	566 533 545 584	1
601	533 494 509 545	1
602	494 460 476 509	1
603	460 442 459 476	1
604	442 420 447 459	1
605	447 420 402 434	1
606	402 380 416 434	1
607	380 364 386 416	1
608	416 386 418 433	1
609	433 418 437 456	1
610	437 418 413 421	1
611	364 380 332 321	1
612	380 402 347 332	1
613	402 420 365 347	1
614	420 442 401 365	1
615	442 460 438 401	1
616	460 494 465 438	1
617	494 533 503 465	1
618	533 566 543 503	1
619	573 543 566 596	1
620	496 466 503 543	1
621	466 440 465 503	1
622	438 465 440 403	1
623	381 344 401 438	1
624	344 304 365 401	1
625	365 304 293 347	1
626	293 279 332 347	1
627	279 271 321 332	1
628	273 336 364 321	1
629	386 336 399 413	1
630	556 488 477 550	1
631	550 477 467 544	1
632	449 524 544 467	1
633	403 440 389 357	1
634	357 335 381 403	1
635	335 285 344 381	1
636	285 260 304 344	1
637	260 254 293 304	1
638	254 232 279 293	1
639	232 222 271 279	1
640	387 467 477 396	1
641	396 477 488 390	1
642	493 388 390 488	1
643	488 556 558 493	1
644	556 624 617 558	1
645	624 678 669 617	1
646	612 563 558 617	1
647	563 497 493 558	1
648	436 423 497 471	1
649	471 499 500 472	1
650	261 312 318 256	1
651	256 318 296 228	1
652	228 296 290 219	1
653	219 290 277 240	1
654	497 423 397 493	1
655	339 322 388 397	1
656	388 290 296 390	1
657	390 296 318 396	1
658	396 318 312 387	1
659	441 472 504 384	1
660	472 500 537 504	1
661	499 536 537 500	1
662	499 497 563 536	1
663	612 591 564 563	1
664	591 611 607 589	1
665	611 637 631 607	1
666	631 637 648 646	1
667	648 655 650 646	1
668	606 572 607 631	1
669	607 572 562 589	1
670	589 562 564 591	1
671	536 564 562 537	1
672	572 504 537 562	1
673	611 612 658 637	1
674	617 669 658 612	1
675	637 658 670 648	1
676	689 670 658 691	1
677	686 671 670 689	1
678	689 699 694 686	1
679	694 668 659 686	1
680	659 654 657 671	1
681	650 657 654 649	1
682	655 670 671 657	1
683	635 621 650 649	1
684	649 654 644 635	1
685	647 644 654 659	1
686	673 668 694 705	1
687	705 694 699 714	1
688	699 689 691 708	1
689	708 691 669 707	1
690	669 678 709 707	1
691	678 624 627 683	1
692	624 556 550 627	1
693	627 550 544 628	1
694	628 544 524 605	1
695	605 524 496 573	1
696	573 639 664 605	1
697	605 664 682 628	1
698	628 682 683 627	1
699	733 724 683 682	1
700	678 683 724 709	1
701	749 734 724 752	1
702	709 734 727 707	1
703	708 727 729 714	1
704	705 716 680 673	1
705	680 685 634 633	1
706	586 581 633 634	1
707	586 525 527 581	1
708	705 729 740 716	1
709	747 720 716 740	1
710	716 720 681 685	1
711	685 681 609 634	1
712	525 400 406 482	1
713	480 482 406 410	1
714	409 410 294 307	1
715	311 307 241 263	1
716	240 277 306 272	1
717	290 322 339 277	1
718	436 353 339 423	1
719	436 471 472 441	1
720	284 313 311 263	1
721	224 258 284 263	1
722	306 292 258 272	1
723	277 339 353 306	1
724	353 436 441 376	1
725	410 406 281 294	1
726	294 281 211 226	1
727	258 224 210 240	1
728	182 210 224 206	1
729	263 241 206 224	1
730	184 206 241 226	1
731	307 294 226 241	1
732	269 300 287 242	1
733	244 242 287 288	1
734	287 308 305 288	1
735	280 283 252 251	1
736	252 283 276 235	1
737	276 265 239 235	1
738	312 261 239 299	1
739	197 239 261 194	1
740	194 261 256 193	1
741	256 228 183 193	1
742	183 219 210 182	1
743	144 183 182 148	1
744	206 184 148 182	1
745	131 148 184 167	1
746	226 211 167 184	1
747	141 167 211 187	1
748	187 211 281 270	1
749	406 400 270 281	1
750	299 360 449 387	1
751	301 340 419 360	1
752	301 295 305 308	1
753	280 305 295 283	1
754	360 299 278 301	1
755	276 295 301 278	1
756	269 335 357 300	1
757	357 330 287 300	1
758	146 166 214 199	1
759	199 214 269 242	1
760	285 269 214 223	1
761	223 201 260 285	1
762	201 200 254 260	1
763	200 188 232 254	1
764	222 232 188 175	1
765	175 188 143 129	1
766	188 200 162 143	1
767	200 201 165 162	1
768	201 223 168 165	1
769	223 214 166 168	1
770	168 166 109 108	1
771	166 146 94 109	1
772	94 146 112 83	1
773	95 76 83 112	1
774	36 35 83 76	1
775	129 143 98 88	1
776	143 162 103 98	1
777	162 165 102 103	1
778	165 168 108 102	1
779	108 109 74 80	1
780	34 74 109 94	1
781	94 83 35 34	1
782	88 98 28 25	1
783	98 103 29 28	1
784	103 102 30 29	1
785	102 80 31 30	1
786	80 74 33 31	1
787	50 48 86 82	1
788	48 47 85 86	1
789	85 125 115 86	1
790	86 115 119 82	1
791	131 89 82 119	1
792	82 89 51 50	1
793	118 79 81 117	1
794	81 79 46 44	1
795	44 43 92 81	1
796	43 41 93 92	1
797	41 40 91 93	1
798	138 93 91 124	1
799	91 104 142 124	1
800	631 646 618 606	1
801	621 618 646 650	1
802	203 198 220 217	1
803	202 220 198 186	1
804	198 176 173 186	1
805	501 481 485 507	1
806	455 485 481 448	1
807	448 481 478 444	1
808	478 501 526 531	1
809	501 507 529 526	1
810	529 507 510 528	1
811	507 485 492 510	1
812	368 384 439 398	1
813	439 463 435 398	1
814	485 455 458 492	1
815	458 463 512 492	1
816	512 549 528 510	1
817	528 553 555 529	1
818	554 526 529 555	1
819	633 629 673 680	1
820	668 673 629 626	1
821	577 576 626 629	1
822	531 554 575 576	1
823	575 554 555 574	1
824	574 555 553 570	1
825	528 549 570 553	1
826	570 549 585 593	1
827	585 621 635 610	1
828	610 635 644 619	1
829	619 644 647 622	1
830	598 575 574 597	1
831	597 574 570 593	1
832	593 610 619 597	1
833	598 597 619 622	1
834	410 409 479 480	1
835	482 480 530 527	1
836	578 581 527 530	1
837	629 633 578 577	1
838	530 532 577 578	1
839	480 479 532 530	1
840	531 532 479 478	1
841	576 577 532 531	1
842	306 324 310 292	1
843	325 361 341 310	1
844	361 398 382 341	1
845	398 435 424 382	1
846	458 455 424 435	1
847	455 448 405 404	1
848	405 444 478 408	1
849	478 479 409 408	1
850	307 311 408 409	1
851	313 349 408 311	1
852	408 349 348 405	1
853	369 404 405 348	1
854	404 369 382 424	1
855	369 333 341 382	1
856	310 341 333 292	1
857	292 333 323 284	1
858	323 348 349 313	1
859	348 323 333 369	1
860	353 376 326 324	1
861	361 325 356 368	1
862	376 383 356 326	1
863	310 324 326 325	1
864	110 106 152 130	1
865	176 195 152 116	1
866	476 459 462 487	1
867	454 462 459 447	1
868	434 416 433 454	1
869	433 456 462 454	1
870	456 475 487 462	1
871	475 502 513 487	1
872	502 540 548 513	1
873	540 568 583 548	1
874	583 602 643 615	1
875	643 674 702 656	1
876	642 675 704 674	1
877	674 704 728 702	1
878	726 702 728 751	1
879	719 726 751 764	1
880	437 421 417 430	1
881	417 393 415 430	1
882	430 415 425 443	1
883	443 457 475 456	1
884	457 491 502 475	1
885	491 515 540 502	1
886	515 546 568 540	1
887	546 571 602 568	1
888	571 600 643 602	1
889	674 643 600 642	1
890	600 571 538 560	1
891	571 546 511 538	1
892	546 515 474 511	1
893	515 491 446 474	1
894	491 457 426 446	1
895	443 425 426 457	1
896	15 14 158 155	1
897	155 158 249 250	1
898	362 363 250 249	1
899	362 464 461 363	1
900	464 551 560 461	1
901	600 560 551 599	1
902	599 645 675 642	1
903	675 710 738 704	1
904	704 738 756 728	1
905	756 780 751 728	1
906	751 780 793 764	1
907	798 765 764 793	1
908	338 298 317 352	1
909	352 317 328 367	1
910	282 366 367 328	1
911	282 291 378 366	1
912	291 319 411 378	1
913	411 319 331 428	1
914	428 331 343 445	1
915	445 343 363 461	1
916	343 237 250 363	1
917	250 237 151 155	1
918	155 151 17 15	1
919	22 134 135 87	1
920	134 212 213 177	1
921	212 215 291 282	1
922	215 221 319 291	1
923	331 319 221 234	1
924	331 234 237 343	1
925	237 234 140 151	1
926	151 140 18 17	1
927	22 21 128 134	1
928	134 128 215 212	1
929	128 127 221 215	1
930	127 140 234 221	1
931	238 204 213 257	1
932	213 204 172 177	1
933	172 133 135 177	1
934	133 84 87 135	1
935	84 24 23 87	1
936	121 77 84 133	1
937	77 26 24 84	1
938	243 298 338 320	1
939	185 231 266 243	1
940	192 185 113 164	1
941	121 113 27 77	1
942	354 320 338 375	1
943	375 338 352 391	1
944	391 352 367 395	1
945	426 395 367 366	1
946	366 378 446 426	1
947	378 411 474 446	1
948	511 474 411 428	1
949	461 538 511 445	1
950	421 413 429 431	1
951	21 19 127 128	1
952	19 18 140 127	1
953	157 187 270 259	1
954	259 270 400 385	1
955	525 521 385 400	1
956	90 101 157 126	1
957	157 259 229 126	1
958	259 385 373 229	1
959	679 608 609 681	1
960	720 721 679 681	1
961	317 275 289 328	1
962	212 282 289 257	1
963	257 289 275 238	1
964	133 172 164 121	1
965	172 204 192 164	1
966	204 238 231 192	1
967	238 275 266 231	1
968	275 317 298 266	1
969	395 425 415 391	1
970	391 415 393 375	1
971	375 393 394 354	1
972	661 723 739 703	1
973	771 745 730 758	1
974	703 666 661	1
975	692 710 675 645	1
976	587 641 672 623	1
977	641 666 700 672	1
978	623 672 692 645	1
979	672 700 717 692	1
980	700 730 745 717	1
981	730 700 666 703	1
982	758 966 739	1
983	966 758 730	1
984	703 739 966 730	1
985	616 522 520 608	1
986	522 358 373 520	1
987	609 521 586	1
988	385 521 520 373	1
989	608 520 521 609	1
990	278 265 276	1
991	265 278 299 239	1
992	710 767 738	1
993	717 767 710 692	1
994	767 717 745	1
995	419 466 496	1
996	496 449 360 419	1
997	466 419 340 389	1
998	330 308 287	1
999	389 340 308 330	1
1000	1774 1787 1736	1
1001	1742 1699 1721	1
1002	1828 1806 1840	1
1003	1850 1817 1849	1
1004	1843 1809 1833	1
1005	1702 1696 1709	1
1006	1696 1717 1709	1
1007	1790 1792 1788	1
1008	1743 1746 1750	1
1009	1746 1758 1762	1
1010	1786 1818 1795	1
1011	1787 1730 1736	1
1012	1837 1810 1825	1
1013	1801 1783 1819	1
1014	1819 1837 1839	1
1015	1824 1825 1796	1
1016	1848 1855 1852	1
1017	1855 1846 1858	1
1018	1744 1716 1731	1
1019	1731 1727 1729	1
1020	1768 1769 1782	1
1021	1764 1771 1795	1
1022	1820 1805 1798	1
1023	1731 1729 1722	1
1024	1785 1813 1752	1
1025	1813 1829 1816	1
1026	1815 1821 1798	1
1027	1798 1789 1815	1
1028	1755 1775 1793	1
1029	1725 1716 1703	1
1030	1716 1708 1703	1
1031	1808 1802 1793	1
1032	1737 1757 1797	1
1033	1802 1804 1800	1
1034	1630 1643 1684	1
1035	1635 1628 1653	1
1036	1628 1647 1646	1
1037	1646 1647 1663	1
1038	1666 1586 1675	1
1039	1343 1362 1475	1
1040	1252 1243 1462	1
1041	1243 1209 1427	1
1042	1670 1625 1650	1
1043	1377 1263 1382	1
1044	2 1025 1	1
1045	1067 1025 1000	1
1046	1363 1379 1416	1
1047	1407 1410 1473	1
1048	1518 1559 1554	1
1049	1238 1345 1196	1
1050	1345 1238 1366	1
1051	1255 1357 1248	1
1052	1753 1754 1765	1
1053	1765 1754 1764	1
1054	1507 1556 1487	1
1055	1533 1529 1605	1
1056	1545 1452 1475	1
1057	968 1007 992	1
1058	1066 1052 1004	1
1059	1015 1016 1072	1
1060	1113 1110 1157	1
1061	1088 1045 1062	1
1062	1039 1072 1092	1
1063	1072 1095 1092	1
1064	1071 1030 1073	1
1065	989 1034 982	1
1066	1080 1034 1050	1
1067	1637 1633 1640	1
1068	990 1019 983	1
1069	58 990 56	1
1070	1591 1618 1641	1
1071	1668 1691 1658	1
1072	1612 1619 1581	1
1073	1508 1476 1477	1
1074	1544 1513 1489	1
1075	1349 1336 1330	1
1076	1336 1323 1330	1
1077	1311 1306 1279	1
1078	1279 1229 1257	1
1079	1489 1466 1532	1
1080	1296 1331 1274	1
1081	1164 1214 1166	1
1082	1417 1389 1342	1
1083	1359 1333 1282	1
1084	1342 1280 1360	1
1085	1232 1316 1290	1
1086	1386 1281 1290	1
1087	1215 1281 1183	1
1088	1280 1192 1205	1
1089	1276 1277 1334	1
1090	1505 1484 1504	1
1091	1541 1548 1563	1
1092	1543 1550 1548	1
1093	1552 1540 1561	1
1094	1607 1601 1592	1
1095	1607 1598 1622	1
1096	1609 1573 1578	1
1097	1418 1420 1375	1
1098	1527 1479 1502	1
1099	1151 1165 1133	1
1100	1112 1103 1133	1
1101	1178 1162 1228	1
1102	1181 1173 1198	1
1103	1121 1076 1112	1
1104	1233 1201 1194	1
1105	1176 1169 1188	1
1106	1223 1282 1250	1
1107	995 973 1001	1
1108	967 33 34	1
1109	1091 1069 1096	1
1110	1096 1069 1088	1
1111	1088 1110 1096	1
1112	1374 1371 1394	1
1113	1276 1265 1277	1
1114	1265 1261 1277	1
1115	1356 1328 1351	1
1116	1385 1403 1405	1
1117	1419 1424 1447	1
1118	1491 1468 1469	1
1119	1474 1526 1471	1
1120	1291 1261 1254	1
1121	1317 1297 1348	1
1122	1341 1298 1337	1
1123	1177 1206 1216	1
1124	1276 1249 1265	1
1125	1265 1249 1261	1
1126	993 1045 1009	1
1127	1619 1595 1583	1
1128	1583 1595 1549	1
1129	1340 1347 1327	1
1130	1535 1492 1493	1
1131	1444 1492 1538	1
1132	23 980 22	1
1133	1028 1070 1027	1
1134	1106 1150 1105	1
1135	1191 1159 1136	1
1136	1124 1085 1078	1
1137	1057 1014 1006	1
1138	970 26 27	1
1139	1321 1404 1338	1
1140	1354 1431 1453	1
1141	1310 1324 1314	1
1142	1322 1292 1306	1
1143	1221 1175 1182	1
1144	1319 1288 1318	1
1145	1324 1310 1287	1
1146	1287 1310 1286	1
1147	1817 1806 1800	1
1148	1847 1839 1837	1
1149	1852 1842 1847	1
1150	1357 1444 1366	1
1151	1428 1546 1523	1
1152	1445 1533 1450	1
1153	1270 1160 1207	1
1154	1043 1148 1074	1
1155	1411 1345 1435	1
1156	1248 1238 1148	1
1157	1139 1142 1255	1
1158	1616 1556 1554	1
1159	999 998 1003	1
1160	1082 1029 1035	1
1161	1064 1071 1098	1
1162	1591 1525 1545	1
1163	1164 1166 1115	1
1164	1364 1392 1390	1
1165	1429 1457 1456	1
1166	1579 1564 1552	1
1167	1551 1584 1562	1
1168	1436 1389 1466	1
1169	1617 1602 1627	1
1170	1600 1601 1620	1
1171	1479 1418 1414	1
1172	1177 1185 1151	1
1173	1199 1217 1246	1
1174	1486 1503 1478	1
1175	1561 1540 1519	1
1176	1540 1515 1519	1
1177	1469 1519 1491	1
1178	1519 1515 1491	1
1179	1334 1269 1276	1
1180	1219 1218 1249	1
1181	999 1045 993	1
1182	1461 1476 1495	1
1183	1508 1549 1536	1
1184	1782 1772 1785 1752	1
1185	1620 1622 1633 1637	1
1186	1721 1699 1695 1704	1
1187	1695 1700 1718 1704	1
1188	1718 1741 1721 1704	1
1189	1741 1780 1742 1721	1
1190	1806 1817 1850 1840	1
1191	1817 1809 1843 1849	1
1192	1809 1787 1827 1833	1
1193	1787 1774 1812 1827	1
1194	1812 1774 1742 1780	1
1195	1699 1742 1774 1736	1
1196	1800 1778 1809 1817	1
1197	1795 1771 1777 1786	1
1198	1786 1777 1800 1806	1
1199	1694 1690 1696 1702	1
1200	1709 1717 1739 1723	1
1201	1723 1693 1688 1709	1
1202	1709 1688 1694 1702	1
1203	1690 1694 1688 1677	1
1204	1758 1748 1781 1762	1
1205	1781 1790 1788 1762	1
1206	1792 1751 1763 1788	1
1207	1751 1705 1724 1763	1
1208	1705 1655 1693 1724	1
1209	1688 1693 1655 1677	1
1210	1748 1758 1746 1743	1
1211	1746 1762 1788 1750	1
1212	1723 1739 1726 1720	1
1213	1726 1739 1743 1750	1
1214	1750 1788 1763 1726	1
1215	1828 1818 1786 1806	1
1216	1778 1730 1787 1809	1
1217	1822 1796 1779 1807	1
1218	1807 1779 1767 1794	1
1219	1794 1767 1783 1801	1
1220	1810 1837 1819 1783	1
1221	1852 1847 1837 1848	1
1222	1847 1842 1832 1835	1
1223	1842 1844 1834 1832	1
1224	1833 1844 1853 1843	1
1225	1844 1842 1852 1853	1
1226	1848 1837 1825 1836	1
1227	1825 1810 1779 1796	1
1228	1779 1810 1783 1767	1
1229	1832 1823 1821 1835	1
1230	1847 1835 1829 1839	1
1231	1839 1829 1813 1819	1
1232	1819 1813 1785 1801	1
1233	1801 1785 1784 1794	1
1234	1794 1784 1791 1807	1
1235	1807 1791 1814 1822	1
1236	1796 1822 1830 1824	1
1237	1825 1824 1831 1836	1
1238	1831 1841 1846 1836	1
1239	1836 1846 1855 1848	1
1240	1852 1855 1856 1853	1
1241	1853 1856 1849 1843	1
1242	1849 1856 1857 1850	1
1243	1857 1851 1840 1850	1
1244	1856 1855 1858 1857	1
1245	1846 1841 1854 1858	1
1246	1858 1854 1851 1857	1
1247	1845 1854 1841 1831	1
1248	1824 1830 1845 1831	1
1249	1822 1814 1826 1830	1
1250	1814 1795 1818 1826	1
1251	1818 1828 1838 1826	1
1252	1828 1840 1851 1838	1
1253	1854 1845 1838 1851	1
1254	1830 1826 1838 1845	1
1255	1844 1833 1827 1834	1
1256	1827 1812 1820 1834	1
1257	1812 1780 1805 1820	1
1258	1805 1780 1741 1773	1
1259	1741 1718 1733 1773	1
1260	1718 1700 1708 1733	1
1261	1716 1728 1733 1708	1
1262	1729 1727 1769 1768	1
1263	1782 1769 1770 1772	1
1264	1772 1770 1784 1785	1
1265	1784 1765 1764 1791	1
1266	1791 1764 1795 1814	1
1267	1832 1834 1820 1823	1
1268	1798 1805 1773 1760	1
1269	1773 1733 1728 1760	1
1270	1716 1744 1760 1728	1
1271	1744 1731 1766 1789	1
1272	1722 1729 1768 1732	1
1273	1732 1768 1782 1752	1
1274	1752 1813 1816 1732	1
1275	1835 1821 1816 1829	1
1276	1799 1722 1732 1816	1
1277	1731 1722 1799 1766	1
1278	1816 1821 1815 1799	1
1279	1820 1798 1821 1823	1
1280	1798 1760 1744 1789	1
1281	1799 1815 1789 1766	1
1282	1726 1763 1724 1720	1
1283	1720 1724 1693 1723	1
1284	1538 1516 1435 1444	1
1285	1631 1649 1681 1660	1
1286	1649 1673 1701 1681	1
1287	1673 1686 1712 1701	1
1288	1686 1691 1715 1712	1
1289	1715 1691 1687 1711	1
1290	1711 1687 1680 1707	1
1291	1680 1676 1706 1707	1
1292	1604 1652 1618 1577	1
1293	1753 1738 1745 1754	1
1294	1738 1712 1715 1745	1
1295	1745 1715 1711 1734	1
1296	1734 1711 1707 1740	1
1297	1707 1706 1735 1740	1
1298	1735 1776 1775 1740	1
1299	1740 1775 1755 1734	1
1300	1734 1755 1754 1745	1
1301	1764 1754 1755 1771	1
1302	1793 1777 1771 1755	1
1303	1701 1712 1738 1725	1
1304	1738 1753 1727 1725	1
1305	1731 1716 1725 1727	1
1306	1808 1776 1737 1797	1
1307	1776 1808 1793 1775	1
1308	1793 1802 1800 1777	1
1309	1676 1652 1684 1706	1
1310	1706 1684 1714 1735	1
1311	1737 1776 1735 1714	1
1312	1757 1759 1803 1797	1
1313	1797 1803 1811 1808	1
1314	1808 1811 1804 1802	1
1315	1804 1761 1778 1800	1
1316	1761 1713 1730 1778	1
1317	1736 1730 1661 1699	1
1318	1695 1699 1661 1683	1
1319	1638 1660 1679 1664	1
1320	1660 1681 1703 1679	1
1321	1681 1701 1725 1703	1
1322	1684 1652 1604 1630	1
1323	1684 1643 1666 1714	1
1324	1714 1666 1675 1737	1
1325	1737 1675 1689 1757	1
1326	1757 1689 1692 1759	1
1327	1692 1672 1719 1759	1
1328	1759 1719 1749 1803	1
1329	1803 1749 1756 1811	1
1330	1756 1747 1804 1811	1
1331	1804 1747 1710 1761	1
1332	1761 1710 1671 1713	1
1333	1713 1671 1635 1667	1
1334	1663 1647 1685 1698	1
1335	1545 1475 1496 1577	1
1336	1577 1496 1523 1604	1
1337	1604 1523 1546 1630	1
1338	1630 1546 1570 1643	1
1339	1586 1666 1643 1570	1
1340	1586 1608 1689 1675	1
1341	1608 1611 1692 1689	1
1342	1611 1594 1672 1692	1
1343	1594 1553 1615 1672	1
1344	1672 1615 1662 1719	1
1345	1719 1662 1678 1749	1
1346	1749 1678 1682 1756	1
1347	1756 1682 1669 1747	1
1348	1747 1669 1624 1710	1
1349	1710 1624 1569 1671	1
1350	1671 1569 1531 1635	1
1351	1475 1362 1399 1496	1
1352	1496 1399 1428 1523	1
1353	1428 1454 1570 1546	1
1354	1454 1472 1586 1570	1
1355	1472 1485 1608 1586	1
1356	1485 1488 1611 1608	1
1357	1488 1481 1594 1611	1
1358	1481 1462 1553 1594	1
1359	1427 1497 1615 1553	1
1360	1615 1497 1560 1662	1
1361	1662 1560 1589 1678	1
1362	1678 1589 1588 1682	1
1363	1682 1588 1555 1669	1
1364	1669 1555 1494 1624	1
1365	1111 1123 1362 1343	1
1366	1123 1140 1399 1362	1
1367	1140 1167 1428 1399	1
1368	1167 1195 1454 1428	1
1369	1195 1222 1472 1454	1
1370	1222 1235 1485 1472	1
1371	1235 1244 1488 1485	1
1372	1244 1264 1481 1488	1
1373	1462 1481 1264 1252	1
1374	1243 1427 1553 1462	1
1375	1209 1320 1497 1427	1
1376	1320 1376 1560 1497	1
1377	1560 1376 1398 1589	1
1378	1589 1398 1391 1588	1
1379	1588 1391 1361 1555	1
1380	61 63 1123 1111	1
1381	63 65 1140 1123	1
1382	65 67 1167 1140	1
1383	67 68 1195 1167	1
1384	68 70 1222 1195	1
1385	70 72 1235 1222	1
1386	72 73 1244 1235	1
1387	73 71 1264 1244	1
1388	1264 71 69 1252	1
1389	1252 69 66 1243	1
1390	1243 66 64 1209	1
1391	64 62 1320 1209	1
1392	62 60 1376 1320	1
1393	60 57 1398 1376	1
1394	1398 57 53 1391	1
1395	1391 53 49 1361	1
1396	1361 49 45 1285	1
1397	1285 45 42 1190	1
1398	1190 42 32 1179	1
1399	1179 32 20 1208	1
1400	1208 20 16 1220	1
1401	1220 16 8 1230	1
1402	1555 1361 1285 1494	1
1403	1494 1285 1190 1412	1
1404	1412 1190 1179 1409	1
1405	1409 1179 1208 1434	1
1406	1434 1208 1220 1460	1
1407	1460 1220 1230 1483	1
1408	1624 1494 1412 1569	1
1409	1569 1412 1409 1531	1
1410	1531 1409 1434 1558	1
1411	1558 1434 1460 1590	1
1412	1590 1460 1483 1606	1
1413	1635 1531 1558 1628	1
1414	1628 1558 1590 1647	1
1415	1647 1590 1606 1685	1
1416	1616 1639 1654 1634	1
1417	1634 1654 1653 1648	1
1418	1635 1653 1654 1667	1
1419	1628 1646 1648 1653	1
1420	1646 1663 1636 1648	1
1421	1663 1650 1605 1636	1
1422	1599 1634 1648 1636	1
1423	1698 1670 1650 1663	1
1424	1533 1605 1650 1625	1
1425	1625 1506 1450 1533	1
1426	1450 1506 1377 1382	1
1427	1382 1263 1227 1305	1
1428	1263 1138 1141 1227	1
1429	1138 1042 1083 1141	1
1430	1083 1042 0 1	1
1431	4 5 1032 1013	1
1432	1533 1445 1416 1529	1
1433	1450 1382 1305 1383	1
1434	1450 1383 1344 1445	1
1435	1383 1270 1207 1344	1
1436	1207 1160 1067 1084	1
1437	1084 1067 1000 1013	1
1438	1013 1000 3 4	1
1439	1025 2 3 1000	1
1440	1 1025 1126 1083	1
1441	1083 1126 1202 1141	1
1442	1141 1202 1305 1227	1
1443	1383 1305 1202 1270	1
1444	1270 1202 1126 1160	1
1445	1160 1126 1025 1067	1
1446	1013 1032 1118 1084	1
1447	1084 1118 1239 1207	1
1448	1207 1239 1363 1344	1
1449	1445 1344 1363 1416	1
1450	1416 1379 1388 1440	1
1451	1440 1388 1401 1458	1
1452	1458 1401 1407 1473	1
1453	1411 1435 1516 1480	1
1454	1674 1659 1632 1651	1
1455	1616 1632 1659 1639	1
1456	1683 1661 1639 1659	1
1457	1410 1480 1534 1473	1
1458	1559 1518 1473 1534	1
1459	5 6 1038 1032	1
1460	1032 1038 1129 1118	1
1461	1118 1129 1272 1239	1
1462	1379 1363 1239 1272	1
1463	1272 1300 1388 1379	1
1464	1388 1300 1315 1401	1
1465	1401 1315 1325 1407	1
1466	1407 1325 1346 1410	1
1467	1480 1410 1346 1411	1
1468	7 9 1054 1047	1
1469	1047 1054 1155 1146	1
1470	1300 1272 1129 1146	1
1471	1146 1129 1038 1047	1
1472	1047 1038 6 7	1
1473	1196 1161 1063 1074	1
1474	1161 1155 1054 1063	1
1475	1063 1054 9 10	1
1476	1074 1063 10 12	1
1477	11 1043 1074 12	1
1478	1074 1148 1238 1196	1
1479	1411 1346 1196 1345	1
1480	1346 1325 1161 1196	1
1481	1325 1315 1155 1161	1
1482	1146 1155 1315 1300	1
1483	1444 1435 1345 1366	1
1484	1238 1248 1357 1366	1
1485	1148 1043 1040 1139	1
1486	1043 11 13 1040	1
1487	14 1051 1040 13	1
1488	1051 1142 1139 1040	1
1489	1148 1139 1255 1248	1
1490	1695 1683 1697 1700	1
1491	1659 1674 1697 1683	1
1492	1651 1664 1679 1674	1
1493	1674 1679 1703 1697	1
1494	1700 1697 1703 1708	1
1495	1639 1661 1667 1654	1
1496	1730 1713 1667 1661	1
1497	1727 1753 1770 1769	1
1498	1784 1770 1753 1765	1
1499	1518 1554 1556 1507	1
1500	1634 1599 1556 1616	1
1501	1636 1605 1529 1599	1
1502	1556 1599 1529 1487	1
1503	1440 1487 1529 1416	1
1504	1487 1440 1458 1507	1
1505	1507 1458 1473 1518	1
1506	1475 1452 1307 1343	1
1507	1343 1307 1102 1111	1
1508	1111 1102 59 61	1
1509	40 984 997 39	1
1510	39 997 971 38	1
1511	1035 1029 971 997	1
1512	968 971 1029 1007	1
1513	38 971 968 37	1
1514	969 36 37 968	1
1515	992 1007 1023 1003	1
1516	1009 1004 999 993	1
1517	1009 1069 1066 1004	1
1518	1004 1052 1016 999	1
1519	998 988 992 1003	1
1520	968 992 988 969	1
1521	988 998 1015 1005	1
1522	999 1016 1015 998	1
1523	1016 1052 1066 1072	1
1524	1079 1095 1072 1066	1
1525	1095 1113 1157 1137	1
1526	1157 1110 1088 1120	1
1527	1120 1088 1062 1082	1
1528	1045 1023 1007 1062	1
1529	1007 1029 1082 1062	1
1530	1035 1017 1031 1064	1
1531	1031 986 985 1030	1
1532	1030 985 974 1010	1
1533	1015 1072 1039 1005	1
1534	1095 1137 1135 1092	1
1535	1173 1181 1137 1157	1
1536	1173 1157 1120 1144	1
1537	1144 1120 1082 1098	1
1538	1035 1064 1098 1082	1
1539	1064 1031 1030 1071	1
1540	1073 1030 1010 1053	1
1541	1053 1010 1011 1049	1
1542	1011 972 978 1018	1
1543	972 46 47 978	1
1544	52 989 982 51	1
1545	1012 1037 1046 1008	1
1546	1046 1056 1018 1008	1
1547	1018 1056 1049 1011	1
1548	1049 1090 1089 1053	1
1549	1053 1089 1101 1073	1
1550	1098 1071 1073 1101	1
1551	1098 1101 1145 1144	1
1552	1101 1089 1128 1145	1
1553	1089 1090 1132 1128	1
1554	1049 1056 1087 1090	1
1555	1056 1046 1086 1087	1
1556	1086 1046 1037 1076	1
1557	1012 1024 1041 1037	1
1558	982 1034 1060 1024	1
1559	1034 989 994 1050	1
1560	1613 1614 1629 1640	1
1561	1629 1614 1572 1580	1
1562	1501 1509 1580 1572	1
1563	1251 1266 1122 1109	1
1564	1109 1122 1019 990	1
1565	989 52 54 994	1
1566	1432 1415 1251 1267	1
1567	1267 1251 1109 1100	1
1568	1100 1109 990 58	1
1569	990 983 55 56	1
1570	994 54 55 983	1
1571	58 59 1102 1100	1
1572	1100 1102 1307 1267	1
1573	1267 1307 1452 1432	1
1574	1545 1525 1432 1452	1
1575	1577 1618 1591 1545	1
1576	1652 1676 1641 1618	1
1577	1676 1680 1656 1641	1
1578	1656 1680 1687 1665	1
1579	1665 1687 1691 1668	1
1580	1415 1432 1525 1509	1
1581	1591 1580 1509 1525	1
1582	1641 1629 1580 1591	1
1583	1640 1629 1641 1656	1
1584	1640 1656 1665 1637	1
1585	1637 1665 1668 1642	1
1586	1658 1645 1642 1668	1
1587	1658 1657 1612 1626	1
1588	1619 1583 1544 1581	1
1589	1583 1549 1513 1544	1
1590	1549 1508 1477 1513	1
1591	1477 1476 1441 1438	1
1592	1438 1441 1406 1402	1
1593	1402 1406 1380 1369	1
1594	1637 1642 1627 1620	1
1595	1658 1626 1617 1645	1
1596	1557 1575 1626 1612	1
1597	1612 1581 1532 1557	1
1598	1581 1544 1489 1532	1
1599	1489 1513 1477 1459	1
1600	1459 1477 1438 1426	1
1601	1426 1438 1402 1387	1
1602	1387 1402 1369 1353	1
1603	1353 1369 1352 1335	1
1604	1335 1352 1340 1313	1
1605	1340 1327 1295 1313	1
1606	1295 1327 1309 1273	1
1607	1273 1309 1279 1257	1
1608	1309 1326 1311 1279	1
1609	1326 1349 1330 1311	1
1610	1330 1314 1306 1311	1
1611	1257 1214 1225 1273	1
1612	1273 1225 1240 1295	1
1613	1295 1240 1258 1313	1
1614	1313 1258 1294 1335	1
1615	1335 1294 1331 1353	1
1616	1353 1331 1358 1387	1
1617	1387 1358 1396 1426	1
1618	1426 1396 1436 1459	1
1619	1466 1489 1459 1436	1
1620	1389 1436 1396 1359	1
1621	1359 1396 1358 1333	1
1622	1331 1296 1333 1358	1
1623	1274 1331 1294 1237	1
1624	1237 1294 1258 1197	1
1625	1258 1240 1186 1197	1
1626	1186 1240 1225 1172	1
1627	1172 1225 1214 1164	1
1628	1166 1214 1257 1229	1
1629	1279 1306 1292 1229	1
1630	1449 1443 1370 1381	1
1631	1443 1437 1360 1370	1
1632	1342 1360 1437 1417	1
1633	1296 1250 1282 1333	1
1634	1250 1296 1274 1228	1
1635	1228 1274 1237 1178	1
1636	1178 1237 1197 1153	1
1637	1153 1197 1186 1147	1
1638	1147 1186 1172 1125	1
1639	1125 1172 1164 1115	1
1640	1280 1289 1370 1360	1
1641	1289 1283 1381 1370	1
1642	1386 1381 1283 1281	1
1643	1381 1386 1451 1449	1
1644	1449 1451 1510 1517	1
1645	1517 1510 1562 1571	1
1646	1505 1510 1451 1456	1
1647	1456 1451 1386 1390	1
1648	1329 1364 1390 1316	1
1649	1364 1365 1393 1392	1
1650	1154 1149 1211 1205	1
1651	1149 1121 1189 1211	1
1652	1121 1112 1183 1189	1
1653	1112 1133 1170 1183	1
1654	1390 1386 1290 1316	1
1655	1232 1290 1281 1215	1
1656	1281 1283 1189 1183	1
1657	1283 1289 1211 1189	1
1658	1289 1280 1205 1211	1
1659	1334 1277 1397 1365	1
1660	1365 1397 1430 1393	1
1661	1392 1393 1430 1429	1
1662	1392 1429 1456 1390	1
1663	1505 1456 1457 1484	1
1664	1484 1482 1500 1504	1
1665	1504 1500 1524 1530	1
1666	1524 1539 1541 1530	1
1667	1541 1539 1543 1548	1
1668	1499 1524 1500 1465	1
1669	1500 1482 1455 1465	1
1670	1482 1484 1457 1455	1
1671	1429 1430 1455 1457	1
1672	1465 1455 1430 1397	1
1673	1504 1530 1551 1505	1
1674	1510 1505 1551 1562	1
1675	1530 1541 1563 1551	1
1676	1582 1584 1551 1563	1
1677	1579 1582 1563 1564	1
1678	1582 1579 1587 1592	1
1679	1587 1579 1552 1561	1
1680	1552 1564 1550 1547	1
1681	1543 1542 1547 1550	1
1682	1548 1550 1564 1563	1
1683	1528 1542 1543 1514	1
1684	1542 1528 1537 1547	1
1685	1540 1552 1547 1537	1
1686	1566 1598 1587 1561	1
1687	1598 1607 1592 1587	1
1688	1592 1601 1584 1582	1
1689	1601 1600 1562 1584	1
1690	1562 1600 1602 1571	1
1691	1571 1576 1520 1517	1
1692	1517 1520 1443 1449	1
1693	1520 1521 1437 1443	1
1694	1521 1498 1417 1437	1
1695	1498 1466 1389 1417	1
1696	1466 1498 1557 1532	1
1697	1498 1521 1575 1557	1
1698	1521 1520 1576 1575	1
1699	1626 1575 1576 1617	1
1700	1571 1602 1617 1576	1
1701	1642 1645 1617 1627	1
1702	1602 1600 1620 1627	1
1703	1601 1607 1622 1620	1
1704	1598 1566 1573 1609	1
1705	1573 1526 1527 1578	1
1706	1479 1527 1526 1474	1
1707	1479 1474 1420 1418	1
1708	1598 1609 1633 1622	1
1709	1640 1633 1609 1613	1
1710	1609 1578 1574 1613	1
1711	1578 1527 1502 1574	1
1712	1418 1375 1299 1293	1
1713	1373 1303 1299 1375	1
1714	1302 1200 1187 1303	1
1715	1204 1156 1134 1200	1
1716	1133 1165 1199 1170	1
1717	1183 1170 1232 1215	1
1718	1329 1316 1232 1246	1
1719	1329 1334 1365 1364	1
1720	1177 1156 1204 1206	1
1721	1117 1156 1177 1151	1
1722	1199 1165 1151 1185	1
1723	1170 1199 1246 1232	1
1724	1246 1269 1334 1329	1
1725	1303 1187 1174 1299	1
1726	1187 1119 1104 1174	1
1727	1151 1133 1103 1117	1
1728	1075 1099 1117 1103	1
1729	1156 1117 1099 1134	1
1730	1077 1119 1134 1099	1
1731	1200 1134 1119 1187	1
1732	1162 1135 1180 1193	1
1733	1137 1181 1180 1135	1
1734	1180 1181 1198 1201	1
1735	1173 1144 1145 1176	1
1736	1145 1128 1169 1176	1
1737	1169 1128 1132 1158	1
1738	1205 1192 1132 1154	1
1739	1090 1087 1154 1132	1
1740	1087 1086 1149 1154	1
1741	1149 1086 1076 1121	1
1742	1076 1075 1103 1112	1
1743	1037 1041 1075 1076	1
1744	1099 1075 1041 1077	1
1745	1024 1060 1077 1041	1
1746	1119 1077 1060 1104	1
1747	1034 1080 1104 1060	1
1748	1080 1163 1174 1104	1
1749	1299 1174 1163 1293	1
1750	1192 1280 1342 1253	1
1751	1194 1253 1312 1233	1
1752	1194 1201 1198 1188	1
1753	1173 1176 1188 1198	1
1754	1253 1194 1171 1192	1
1755	1169 1171 1194 1188	1
1756	1162 1193 1250 1228	1
1757	1250 1193 1180 1223	1
1758	1039 1092 1107 1059	1
1759	1092 1135 1162 1107	1
1760	1178 1116 1107 1162	1
1761	1116 1178 1153 1094	1
1762	1094 1153 1147 1093	1
1763	1093 1147 1125 1081	1
1764	1115 1068 1081 1125	1
1765	1068 1022 1036 1081	1
1766	1081 1036 1055 1093	1
1767	1093 1055 1058 1094	1
1768	1094 1058 1061 1116	1
1769	1116 1061 1059 1107	1
1770	1061 1001 1002 1059	1
1771	1059 1002 987 1039	1
1772	987 976 1005 1039	1
1773	988 1005 976 969	1
1774	36 969 976 35	1
1775	1022 981 991 1036	1
1776	1036 991 996 1055	1
1777	1055 996 995 1058	1
1778	1058 995 1001 1061	1
1779	1001 973 967 1002	1
1780	34 987 1002 967	1
1781	987 34 35 976	1
1782	981 25 28 991	1
1783	991 28 29 996	1
1784	996 29 30 995	1
1785	995 30 31 973	1
1786	973 31 33 967	1
1787	50 975 979 48	1
1788	48 979 978 47	1
1789	978 979 1008 1018	1
1790	979 975 1012 1008	1
1791	1024 1012 975 982	1
1792	975 50 51 982	1
1793	1011 1010 974 972	1
1794	974 44 46 972	1
1795	44 974 985 43	1
1796	43 985 986 41	1
1797	41 986 984 40	1
1798	1031 1017 984 986	1
1799	984 1017 1035 997	1
1800	1524 1499 1511 1539	1
1801	1514 1543 1539 1511	1
1802	1096 1110 1113 1091	1
1803	1095 1079 1091 1113	1
1804	1091 1079 1066 1069	1
1805	1394 1400 1378 1374	1
1806	1348 1341 1374 1378	1
1807	1341 1337 1371 1374	1
1808	1371 1424 1419 1394	1
1809	1394 1419 1422 1400	1
1810	1422 1421 1403 1400	1
1811	1400 1403 1385 1378	1
1812	1261 1291 1332 1277	1
1813	1332 1291 1328 1356	1
1814	1378 1385 1351 1348	1
1815	1351 1385 1405 1356	1
1816	1405 1403 1421 1442	1
1817	1421 1422 1448 1446	1
1818	1447 1448 1422 1419	1
1819	1526 1573 1566 1522	1
1820	1561 1519 1522 1566	1
1821	1470 1522 1519 1469	1
1822	1424 1469 1468 1447	1
1823	1468 1467 1448 1447	1
1824	1467 1463 1446 1448	1
1825	1421 1446 1463 1442	1
1826	1463 1486 1478 1442	1
1827	1478 1503 1528 1514	1
1828	1503 1512 1537 1528	1
1829	1512 1515 1540 1537	1
1830	1491 1490 1467 1468	1
1831	1490 1486 1463 1467	1
1832	1486 1490 1512 1503	1
1833	1491 1515 1512 1490	1
1834	1303 1373 1372 1302	1
1835	1375 1420 1423 1373	1
1836	1471 1423 1420 1474	1
1837	1522 1470 1471 1526	1
1838	1423 1471 1470 1425	1
1839	1373 1423 1425 1372	1
1840	1424 1371 1372 1425	1
1841	1469 1424 1425 1470	1
1842	1199 1185 1203 1217	1
1843	1218 1203 1234 1254	1
1844	1254 1234 1275 1291	1
1845	1291 1275 1317 1328	1
1846	1351 1328 1317 1348	1
1847	1348 1297 1298 1341	1
1848	1298 1301 1371 1337	1
1849	1371 1301 1302 1372	1
1850	1200 1302 1301 1204	1
1851	1206 1204 1301 1242	1
1852	1301 1298 1241 1242	1
1853	1262 1241 1298 1297	1
1854	1297 1317 1275 1262	1
1855	1262 1275 1234 1226	1
1856	1203 1185 1226 1234	1
1857	1185 1177 1216 1226	1
1858	1216 1206 1242 1241	1
1859	1241 1262 1226 1216	1
1860	1246 1217 1219 1269	1
1861	1254 1261 1249 1218	1
1862	1269 1219 1249 1276	1
1863	1203 1218 1219 1217	1
1864	1003 1023 1045 999	1
1865	1069 1009 1045 1088	1
1866	1369 1380 1355 1352	1
1867	1347 1340 1352 1355	1
1868	1327 1347 1326 1309	1
1869	1326 1347 1355 1349	1
1870	1349 1355 1380 1368	1
1871	1368 1380 1406 1395	1
1872	1395 1406 1441 1433	1
1873	1433 1441 1476 1461	1
1874	1476 1508 1536 1495	1
1875	1536 1549 1595 1567	1
1876	1535 1567 1597 1568	1
1877	1567 1595 1621 1597	1
1878	1619 1644 1621 1595	1
1879	1612 1657 1644 1619	1
1880	1330 1323 1310 1314	1
1881	1310 1323 1308 1286	1
1882	1323 1336 1318 1308	1
1883	1336 1349 1368 1350	1
1884	1350 1368 1395 1384	1
1885	1384 1395 1433 1408	1
1886	1408 1433 1461 1439	1
1887	1439 1461 1495 1464	1
1888	1464 1495 1536 1493	1
1889	1567 1535 1493 1536	1
1890	1493 1453 1431 1464	1
1891	1464 1431 1404 1439	1
1892	1439 1404 1367 1408	1
1893	1408 1367 1339 1384	1
1894	1384 1339 1319 1350	1
1895	1336 1350 1319 1318	1
1896	15 1048 1051 14	1
1897	1048 1143 1142 1051	1
1898	1255 1142 1143 1256	1
1899	1255 1256 1354 1357	1
1900	1357 1354 1453 1444	1
1901	1493 1492 1444 1453	1
1902	1492 1535 1568 1538	1
1903	1568 1597 1631 1603	1
1904	1597 1621 1649 1631	1
1905	1649 1621 1644 1673	1
1906	1644 1657 1686 1673	1
1907	1691 1686 1657 1658	1
1908	1231 1245 1210 1191	1
1909	1245 1260 1221 1210	1
1910	1175 1221 1260 1259	1
1911	1175 1259 1271 1184	1
1912	1184 1271 1304 1212	1
1913	1304 1321 1224 1212	1
1914	1321 1338 1236 1224	1
1915	1338 1354 1256 1236	1
1916	1236 1256 1143 1130	1
1917	1143 1048 1044 1130	1
1918	1048 15 17 1044	1
1919	22 980 1028 1027	1
1920	1027 1070 1106 1105	1
1921	1105 1175 1184 1108	1
1922	1108 1184 1212 1114	1
1923	1224 1127 1114 1212	1
1924	1224 1236 1130 1127	1
1925	1130 1044 1033 1127	1
1926	1044 17 18 1033	1
1927	22 1027 1021 21	1
1928	1027 1105 1108 1021	1
1929	1021 1108 1114 1020	1
1930	1020 1114 1127 1033	1
1931	1131 1150 1106 1097	1
1932	1106 1070 1065 1097	1
1933	1065 1070 1028 1026	1
1934	1026 1028 980 977	1
1935	977 980 23 24	1
1936	1014 1026 977 970	1
1937	970 977 24 26	1
1938	1136 1213 1231 1191	1
1939	1078 1136 1159 1124	1
1940	1085 1057 1006 1078	1
1941	1014 970 27 1006	1
1942	1247 1268 1231 1213	1
1943	1268 1284 1245 1231	1
1944	1284 1288 1260 1245	1
1945	1319 1259 1260 1288	1
1946	1259 1319 1339 1271	1
1947	1271 1339 1367 1304	1
1948	1404 1321 1304 1367	1
1949	1354 1338 1404 1431	1
1950	1314 1324 1322 1306	1
1951	21 1021 1020 19	1
1952	19 1020 1033 18	1
1953	1050 1152 1163 1080	1
1954	1152 1278 1293 1163	1
1955	1418 1293 1278 1414	1
1956	983 1019 1050 994	1
1957	1050 1019 1122 1152	1
1958	1152 1122 1266 1278	1
1959	1572 1574 1502 1501	1
1960	1613 1574 1572 1614	1
1961	1210 1221 1182 1168	1
1962	1105 1150 1182 1175	1
1963	1150 1131 1168 1182	1
1964	1026 1014 1057 1065	1
1965	1065 1057 1085 1097	1
1966	1097 1085 1124 1131	1
1967	1131 1124 1159 1168	1
1968	1168 1159 1191 1210	1
1969	1288 1284 1308 1318	1
1970	1284 1268 1286 1308	1
1971	1268 1247 1287 1286	1
1972	1554 1596 1632 1616	1
1973	1664 1651 1623 1638	1
1974	1596 1554 1559	1
1975	1585 1538 1568 1603	1
1976	1480 1516 1565 1534	1
1977	1534 1565 1593 1559	1
1978	1516 1538 1585 1565	1
1979	1565 1585 1610 1593	1
1980	1593 1610 1638 1623	1
1981	1623 1596 1559 1593	1
1982	1651 1632 1859	1
1983	1859 1623 1651	1
1984	1596 1623 1859 1632	1
1985	1509 1501 1413 1415	1
1986	1415 1413 1266 1251	1
1987	1502 1479 1414	1
1988	1278 1266 1413 1414	1
1989	1501 1502 1414 1413	1
1990	1171 1169 1158	1
1991	1158 1132 1192 1171	1
1992	1603 1631 1660	1
1993	1610 1585 1603 1660	1
1994	1660 1638 1610	1
1995	1312 1389 1359	1
1996	1389 1312 1253 1342	1
1997	1359 1282 1233 1312	1
1998	1223 1180 1201	1
1999	1282 1223 1201 1233	1
2000	1860 1861 1862	1
2001	1860 1862 1863	1
2002	1860 1863 1864	1
2003	1860 1864 1865	1
2004	1860 1865 1866	1
2005	1860 1866 1867	1
2006	1860 1867 1868	1
2007	1860 1868 1869	1
2008	1860 1869 1870	1
2009	1860 1870 1871	1
2010	1860 1871 1872	1
2011	1860 1872 1873	1
2012	1860 1873 1874	1
2013	1860 1874 1875	1
2014	1860 1875 1876	1
2015	1860 1876 1877	1
2016	1860 1877 1878	1
2017	1860 1878 1879	1
2018	1860 1879 1880	1
2019	1860 1880 1881	1
2020	1860 1881 1882	1
2021	1860 1882 1883	1
2022	1860 1883 1884	1
2023	1860 1884 1885	1
2024	1860 1885 1886	1
2025	1860 1886 1887	1
2026	1860 1887 1888	1
2027	1860 1888 1889	1
2028	1860 1889 1890	1
2029	1860 1890 1891	1
2030	1860 1891 1892	1
2031	1860 1892 1893	1
2032	1860 1893 1894	1
2033	1860 1894 1895	1
2034	1860 1895 1896	1
2035	1860 1896 1897	1
2036	1860 1897 1898	1
2037	1860 1898 1899	1
2038	1860 1899 1900	1
2039	1860 1900 1861	1
2040	1861 1901 1902 1862	1
2041	1862 1902 1903 1863	1
2042	1863 1903 1904 1864	1
2043	1864 1904 1905 1865	1
2044	1865 1905 1906 1866	1
2045	1866 1906 1907 1867	1
2046	1867 1907 1908 1868	1
2047	1868 1908 1909 1869	1
2048	1869 1909 1910 1870	1
2049	1870 1910 1911 1871	1
2050	1871 1911 1912 1872	1
2051	1872 1912 1913 1873	1
2052	1873 1913 1914 1874	1
2053	1874 1914 1915 1875	1
2054	1875 1915 1916 1876	1
2055	1876 1916 1917 1877	1
2056	1877 1917 1918 1878	1
2057	1878 1918 1919 1879	1
2058	1879 1919 1920 1880	1
2059	1880 1920 1921 1881	1
2060	1881 1921 1922 1882	1
2061	1882 1922 1923 1883	1
2062	1883 1923 1924 1884	1
2063	1884 1924 1925 1885	1
2064	1885 1925 1926 1886	1
2065	1886 1926 1927 1887	1
2066	1887 1927 1928 1888	1
2067	1888 1928 1929 1889	1
2068	1889 1929 1930 1890	1
2069	1890 1930 1931 1891	1
2070	1891 1931 1932 1892	1
2071	1892 1932 1933 1893	1
2072	1893 1933 1934 1894	1
2073	1894 1934 1935 1895	1
2074	1895 1935 1936 1896	1
2075	1896 1936 1937 1897	1
2076	1897 1937 1938 1898	1
2077	1898 1938 1939 1899	1
2078	1899 1939 1940 1900	1
2079	1900 1940 1901 1861	1
2080	1901 1941 1942 1902	1
2081	1902 1942 1943 1903	1
2082	1903 1943 1944 1904	1
2083	1904 1944 1945 1905	1
2084	1905 1945 1946 1906	1
2085	1906 1946 1947 1907	1
2086	1907 1947 1948 1908	1
2087	1908 1948 1949 1909	1
2088	1909 1949 1950 1910	1
2089	1910 1950 1951 1911	1
2090	1911 1951 1952 1912	1
2091	1912 1952 1953 1913	1
2092	1913 1953 1954 1914	1
2093	1914 1954 1955 1915	1
2094	1915 1955 1956 1916	1
2095	1916 1956 1957 1917	1
2096	1917 1957 1958 1918	1
2097	1918 1958 1959 1919	1
2098	1919 1959 1960 1920	1
2099	1920 1960 1961 1921	1
2100	1921 1961 1962 1922	1
2101	1922 1962 1963 1923	1
2102	1923 1963 1964 1924	1
2103	1924 1964 1965 1925	1
2104	1925 1965 1966 1926	1
2105	1926 1966 1967 1927	1
2106	1927 1967 1968 1928	1
2107	1928 1968 1969 1929	1
2108	1929 1969 1970 1930	1
2109	1930 1970 1971 1931	1
2110	1931 1971 1972 1932	1
2111	1932 1972 1973 1933	1
2112	1933 1973 1974 1934	1
2113	1934 1974 1975 1935	1
2114	1935 1975 1976 1936	1
2115	1936 1976 1977 1937	1
2116	1937 1977 1978 1938	1
2117	1938 1978 1979 1939	1
2118	1939 1979 1980 1940	1
2119	1940 1980 1941 1901	1
2120	1941 1981 1982 1942	1
2121	1942 1982 1983 1943	1
2122	1943 1983 1984 1944	1
2123	1944 1984 1985 1945	1
2124	1945 1985 1986 1946	1
2125	1946 1986 1987 1947	1
2126	1947 1987 1988 1948	1
2127	1948 1988 1989 1949	1
2128	1949 1989 1990 1950	1
2129	1950 1990 1991 1951	1
2130	1951 1991 1992 1952	1
2131	1952 1992 1993 1953	1
2132	1953 1993 1994 1954	1
2133	1954 1994 1995 1955	1
2134	1955 1995 1996 1956	1
2135	1956 1996 1997 1957	1
2136	1957 1997 1998 1958	1
2137	1958 1998 1999 1959	1
2138	1959 1999 2000 1960	1
2139	1960 2000 2001 1961	1
2140	1961 2001 2002 1962	1
2141	1962 2002 2003 1963	1
2142	1963 2003 2004 1964	1
2143	1964 2004 2005 1965	1
2144	1965 2005 2006 1966	1
2145	1966 2006 2007 1967	1
2146	1967 2007 2008 1968	1
2147	1968 2008 2009 1969	1
2148	1969 2009 2010 1970	1
2149	1970 2010 2011 1971	1
2150	1971 2011 2012 1972	1
2151	1972 2012 2013 1973	1
2152	1973 2013 2014 1974	1
2153	1974 2014 2015 1975	1
2154	1975 2015 2016 1976	1
2155	1976 2016 2017 1977	1
2156	1977 2017 2018 1978	1
2157	1978 2018 2019 1979	1
2158	1979 2019 2020 1980	1
2159	1980 2020 1981 1941	1
2160	1981 2021 2022 1982	1
2161	1982 2022 2023 1983	1
2162	1983 2023 2024 1984	1
2163	1984 2024 2025 1985	1
2164	1985 2025 2026 1986	1
2165	1986 2026 2027 1987	1
2166	1987 2027 2028 1988	1
2167	1988 2028 2029 1989	1
2168	1989 2029 2030 1990	1
2169	1990 2030 2031 1991	1
2170	1991 2031 2032 1992	1
2171	1992 2032 2033 1993	1
2172	1993 2033 2034 1994	1
2173	1994 2034 2035 1995	1
2174	1995 2035 2036 1996	1
2175	1996 2036 2037 1997	1
2176	1997 2037 2038 1998	1
2177	1998 2038 2039 1999	1
2178	1999 2039 2040 2000	1
2179	2000 2040 2041 2001	1
2180	2001 2041 2042 2002	1
2181	2002 2042 2043 2003	1
2182	2003 2043 2044 2004	1
2183	2004 2044 2045 2005	1
2184	2005 2045 2046 2006	1
2185	2006 2046 2047 2007	1
2186	2007 2047 2048 2008	1
2187	2008 2048 2049 2009	1
2188	2009 2049 2050 2010	1
2189	2010 2050 2051 2011	1
2190	2011 2051 2052 2012	1
2191	2012 2052 2053 2013	1
2192	2013 2053 2054 2014	1
2193	2014 2054 2055 2015	1
2194	2015 2055 2056 2016	1
2195	2016 2056 2057 2017	1
2196	2017 2057 2058 2018	1
2197	2018 2058 2059 2019	1
2198	2019 2059 2060 2020	1
2199	2020 2060 2021 1981	1
2200	2021 2061 2062 2022	1
2201	2022 2062 2063 2023	1
2202	2023 2063 2064 2024	1
2203	2024 2064 2065 2025	1
2204	2025 2065 2066 2026	1
2205	2026 2066 2067 2027	1
2206	2027 2067 2068 2028	1
2207	2028 2068 2069 2029	1
2208	2029 2069 2070 2030	1
2209	2030 2070 2071 2031	1
2210	2031 2071 2072 2032	1
2211	2032 2072 2073 2033	1
2212	2033 2073 2074 2034	1
2213	2034 2074 2075 2035	1
2214	2035 2075 2076 2036	1
2215	2036 2076 2077 2037	1
2216	2037 2077 2078 2038	1
2217	2038 2078 2079 2039	1
2218	2039 2079 2080 2040	1
2219	2040 2080 2081 2041	1
2220	2041 2081 2082 2042	1
2221	2042 2082 2083 2043	1
2222	2043 2083 2084 2044	1
2223	2044 2084 2085 2045	1
2224	2045 2085 2086 2046	1
2225	2046 2086 2087 2047	1
2226	2047 2087 2088 2048	1
2227	2048 2088 2089 2049	1
2228	2049 2089 2090 2050	1
2229	2050 2090 2091 2051	1
2230	2051 2091 2092 2052	1
2231	2052 2092 2093 2053	1
2232	2053 2093 2094 2054	1
2233	2054 2094 2095 2055	1
2234	2055 2095 2096 2056	1
2235	2056 2096 2097 2057	1
2236	2057 2097 2098 2058	1
2237	2058 2098 2099 2059	1
2238	2059 2099 2100 2060	1
2239	2060 2100 2061 2021	1
2240	2061 2101 2102 2062	1
2241	2062 2102 2103 2063	1
2242	2063 2103 2104 2064	1
2243	2064 2104 2105 2065	1
2244	2065 2105 2106 2066	1
2245	2066 2106 2107 2067	1
2246	2067 2107 2108 2068	1
2247	2068 2108 2109 2069	1
2248	2069 2109 2110 2070	1
2249	2070 2110 2111 2071	1
2250	2071 2111 2112 2072	1
2251	2072 2112 2113 2073	1
2252	2073 2113 2114 2074	1
2253	2074 2114 2115 2075	1
2254	2075 2115 2116 2076	1
2255	2076 2116 2117 2077	1
2256	2077 2117 2118 2078	1
2257	2078 2118 2119 2079	1
2258	2079 2119 2120 2080	1
2259	2080 2120 2121 2081	1
2260	2081 2121 2122 2082	1
2261	2082 2122 2123 2083	1
2262	2083 2123 2124 2084	1
2263	2084 2124 2125 2085	1
2264	2085 2125 2126 2086	1
2265	2086 2126 2127 2087	1
2266	2087 2127 2128 2088	1
2267	2088 2128 2129 2089	1
2268	2089 2129 2130 2090	1
2269	2090 2130 2131 2091	1
2270	2091 2131 2132 2092	1
2271	2092 2132 2133 2093	1
2272	2093 2133 2134 2094	1
2273	2094 2134 2135 2095	1
2274	2095 2135 2136 2096	1
2275	2096 2136 2137 2097	1
2276	2097 2137 2138 2098	1
2277	2098 2138 2139 2099	1
2278	2099 2139 2140 2100	1
2279	2100 2140 2101 2061	1
2280	2101 2141 2142 2102	1
2281	2102 2142 2143 2103	1
2282	2103 2143 2144 2104	1
2283	2104 2144 2145 2105	1
2284	2105 2145 2146 2106	1
2285	2106 2146 2147 2107	1
2286	2107 2147 2148 2108	1
2287	2108 2148 2149 2109	1
2288	2109 2149 2150 2110	1
2289	2110 2150 2151 2111	1
2290	2111 2151 2152 2112	1
2291	2112 2152 2153 2113	1
2292	2113 2153 2154 2114	1
2293	2114 2154 2155 2115	1
2294	2115 2155 2156 2116	1
2295	2116 2156 2157 2117	1
2296	2117 2157 2158 2118	1
2297	2118 2158 2159 2119	1
2298	2119 2159 2160 2120	1
2299	2120 2160 2161 2121	1
2300	2121 2161 2162 2122	1
2301	2122 2162 2163 2123	1
2302	2123 2163 2164 2124	1
2303	2124 2164 2165 2125	1
2304	2125 2165 2166 2126	1
2305	2126 2166 2167 2127	1
2306	2127 2167 2168 2128	1
2307	2128 2168 2169 2129	1
2308	2129 2169 2170 2130	1
2309	2130 2170 2171 2131	1
2310	2131 2171 2172 2132	1
2311	2132 2172 2173 2133	1
2312	2133 2173 2174 2134	1
2313	2134 2174 2175 2135	1
2314	2135 2175 2176 2136	1
2315	2136 2176 2177 2137	1
2316	2137 2177 2178 2138	1
2317	2138 2178 2179 2139	1
2318	2139 2179 2180 2140	1
2319	2140 2180 2141 2101	1
2320	2141 2181 2182 2142	1
2321	2142 2182 2183 2143	1
2322	2143 2183 2184 2144	1
2323	2144 2184 2185 2145	1
2324	2145 2185 2186 2146	1
2325	2146 2186 2187 2147	1
2326	2147 2187 2188 2148	1
2327	2148 2188 2189 2149	1
2328	2149 2189 2190 2150	1
2329	2150 2190 2191 2151	1
2330	2151 2191 2192 2152	1
2331	2152 2192 2193 2153	1
2332	2153 2193 2194 2154	1
2333	2154 2194 2195 2155	1
2334	2155 2195 2196 2156	1
2335	2156 2196 2197 2157	1
2336	2157 2197 2198 2158	1
2337	2158 2198 2199 2159	1
2338	2159 2199 2200 2160	1
2339	2160 2200 2201 2161	1
2340	2161 2201 2202 2162	1
2341	2162 2202 2203 2163	1
2342	2163 2203 2204 2164	1
2343	2164 2204 2205 2165	1
2344	2165 2205 2206 2166	1
2345	2166 2206 2207 2167	1
2346	2167 2207 2208 2168	1
2347	2168 2208 2209 2169	1
2348	2169 2209 2210 2170	1
2349	2170 2210 2211 2171	1
2350	2171 2211 2212 2172	1
2351	2172 2212 2213 2173	1
2352	2173 2213 2214 2174	1
2353	2174 2214 2215 2175	1
2354	2175 2215 2216 2176	1
2355	2176 2216 2217 2177	1
2356	2177 2217 2218 2178	1
2357	2178 2218 2219 2179	1
2358	2179 2219 2220 2180	1
2359	2180 2220 2181 2141	1
2360	2181 2221 2222 2182	1
2361	2182 2222 2223 2183	1
2362	2183 2223 2224 2184	1
2363	2184 2224 2225 2185	1
2364	2185 2225 2226 2186	1
2365	2186 2226 2227 2187	1
2366	2187 2227 2228 2188	1
2367	2188 2228 2229 2189	1
2368	2189 2229 2230 2190	1
2369	2190 2230 2231 2191	1
2370	2191 2231 2232 2192	1
2371	2192 2232 2233 2193	1
2372	2193 2233 2234 2194	1
2373	2194 2234 2235 2195	1
2374	2195 2235 2236 2196	1
2375	2196 2236 2237 2197	1
2376	2197 2237 2238 2198	1
2377	2198 2238 2239 2199	1
2378	2199 2239 2240 2200	1
2379	2200 2240 2241 2201	1
2380	2201 2241 2242 2202	1
2381	2202 2242 2243 2203	1
2382	2203 2243 2244 2204	1
2383	2204 2244 2245 2205	1
2384	2205 2245 2246 2206	1
2385	2206 2246 2247 2207	1
2386	2207 2247 2248 2208	1
2387	2208 2248 2249 2209	1
2388	2209 2249 2250 2210	1
2389	2210 2250 2251 2211	1
2390	2211 2251 2252 2212	1
2391	2212 2252 2253 2213	1
2392	2213 2253 2254 2214	1
2393	2214 2254 2255 2215	1
2394	2215 2255 2256 2216	1
2395	2216 2256 2257 2217	1
2396	2217 2257 2258 2218	1
2397	2218 2258 2259 2219	1
2398	2219 2259 2260 2220	1
2399	2220 2260 2221 2181	1
2400	2221 2261 2262 2222	1
2401	2222 2262 2263 2223	1
2402	2223 2263 2264 2224	1
2403	2224 2264 2265 2225	1
2404	2225 2265 2266 2226	1
2405	2226 2266 2267 2227	1
2406	2227 2267 2268 2228	1
2407	2228 2268 2269 2229	1
2408	2229 2269 2270 2230	1
2409	2230 2270 2271 2231	1
2410	2231 2271 2272 2232	1
2411	2232 2272 2273 2233	1
2412	2233 2273 2274 2234	1
2413	2234 2274 2275 2235	1
2414	2235 2275 2276 2236	1
2415	2236 2276 2277 2237	1
2416	2237 2277 2278 2238	1
2417	2238 2278 2279 2239	1
2418	2239 2279 2280 2240	1
2419	2240 2280 2281 2241	1
2420	2241 2281 2282 2242	1
2421	2242 2282 2283 2243	1
2422	2243 2283 2284 2244	1
2423	2244 2284 2285 2245	1
2424	2245 2285 2286 2246	1
2425	2246 2286 2287 2247	1
2426	2247 2287 2288 2248	1
2427	2248 2288 2289 2249	1
2428	2249 2289 2290 2250	1
2429	2250 2290 2291 2251	1
2430	2251 2291 2292 2252	1
2431	2252 2292 2293 2253	1
2432	2253 2293 2294 2254	1
2433	2254 2294 2295 2255	1
2434	2255 2295 2296 2256	1
2435	2256 2296 2297 2257	1
2436	2257 2297 2298 2258	1
2437	2258 2298 2299 2259	1
2438	2259 2299 2300 2260	1
2439	2260 2300 2261 2221	1
2440	2261 2301 2302 2262	1
2441	2262 2302 2303 2263	1
2442	2263 2303 2304 2264	1
2443	2264 2304 2305 2265	1
2444	2265 2305 2306 2266	1
2445	2266 2306 2307 2267	1
2446	2267 2307 2308 2268	1
2447	2268 2308 2309 2269	1
2448	2269 2309 2310 2270	1
2449	2270 2310 2311 2271	1
2450	2271 2311 2312 2272	1
2451	2272 2312 2313 2273	1
2452	2273 2313 2314 2274	1
2453	2274 2314 2315 2275	1
2454	2275 2315 2316 2276	1
2455	2276 2316 2317 2277	1
2456	2277 2317 2318 2278	1
2457	2278 2318 2319 2279	1
2458	2279 2319 2320 2280	1
2459	2280 2320 2321 2281	1
2460	2281 2321 2322 2282	1
2461	2282 2322 2323 2283	1
2462	2283 2323 2324 2284	1
2463	2284 2324 2325 2285	1
2464	2285 2325 2326 2286	1
2465	2286 2326 2327 2287	1
2466	2287 2327 2328 2288	1
2467	2288 2328 2329 2289	1
2468	2289 2329 2330 2290	1
2469	2290 2330 2331 2291	1
2470	2291 2331 2332 2292	1
2471	2292 2332 2333 2293	1
2472	2293 2333 2334 2294	1
2473	2294 2334 2335 2295	1
2474	2295 2335 2336 2296	1
2475	2296 2336 2337 2297	1
2476	2297 2337 2338 2298	1
2477	2298 2338 2339 2299	1
2478	2299 2339 2340 2300	1
2479	2300 2340 2301 2261	1
2480	2301 2341 2342 2302	1
2481	2302 2342 2343 2303	1
2482	2303 2343 2344 2304	1
2483	2304 2344 2345 2305	1
2484	2305 2345 2346 2306	1
2485	2306 2346 2347 2307	1
2486	2307 2347 2348 2308	1
2487	2308 2348 2349 2309	1
2488	2309 2349 2350 2310	1
2489	2310 2350 2351 2311	1
2490	2311 2351 2352 2312	1
2491	2312 2352 2353 2313	1
2492	2313 2353 2354 2314	1
2493	2314 2354 2355 2315	1
2494	2315 2355 2356 2316	1
2495	2316 2356 2357 2317	1
2496	2317 2357 2358 2318	1
2497	2318 2358 2359 2319	1
2498	2319 2359 2360 2320	1
2499	2320 2360 2361 2321	1
2500	2321 2361 2362 2322	1
2501	2322 2362 2363 2323	1
2502	2323 2363 2364 2324	1
2503	2324 2364 2365 2325	1
2504	2325 2365 2366 2326	1
2505	2326 2366 2367 2327	1
2506	2327 2367 2368 2328	1
2507	2328 2368 2369 2329	1
2508	2329 2369 2370 2330	1
2509	2330 2370 2371 2331	1
2510	2331 2371 2372 2332	1
2511	2332 2372 2373 2333	1
2512	2333 2373 2374 2334	1
2513	2334 2374 2375 2335	1
2514	2335 2375 2376 2336	1
2515	2336 2376 2377 2337	1
2516	2337 2377 2378 2338	1
2517	2338 2378 2379 2339	1
2518	2339 2379 2380 2340	1
2519	2340 2380 2341 2301	1
2520	2341 2381 2382 2342	1
2521	2342 2382 2383 2343	1
2522	2343 2383 2384 2344	1
2523	2344 2384 2385 2345	1
2524	2345 2385 2386 2346	1
2525	2346 2386 2387 2347	1
2526	2347 2387 2388 2348	1
2527	2348 2388 2389 2349	1
2528	2349 2389 2390 2350	1
2529	2350 2390 2391 2351	1
2530	2351 2391 2392 2352	1
2531	2352 2392 2393 2353	1
2532	2353 2393 2394 2354	1
2533	2354 2394 2395 2355	1
2534	2355 2395 2396 2356	1
2535	2356 2396 2397 2357	1
2536	2357 2397 2398 2358	1
2537	2358 2398 2399 2359	1
2538	2359 2399 2400 2360	1
2539	2360 2400 2401 2361	1
2540	2361 2401 2402 2362	1
2541	2362 2402 2403 2363	1
2542	2363 2403 2404 2364	1
2543	2364 2404 2405 2365	1
2544	2365 2405 2406 2366	1
2545	2366 2406 2407 2367	1
2546	2367 2407 2408 2368	1
2547	2368 2408 2409 2369	1
2548	2369 2409 2410 2370	1
2549	2370 2410 2411 2371	1
2550	2371 2411 2412 2372	1
2551	2372 2412 2413 2373	1
2552	2373 2413 2414 2374	1
2553	2374 2414 2415 2375	1
2554	2375 2415 2416 2376	1
2555	2376 2416 2417 2377	1
2556	2377 2417 2418 2378	1
2557	2378 2418 2419 2379	1
2558	2379 2419 2420 2380	1
2559	2380 2420 2381 2341	1
2560	2381 2421 2422 2382	1
2561	2382 2422 2423 2383	1
2562	2383 2423 2424 2384	1
2563	2384 2424 2425 2385	1
2564	2385 2425 2426 2386	1
2565	2386 2426 2427 2387	1
2566	2387 2427 2428 2388	1
2567	2388 2428 2429 2389	1
2568	2389 2429 2430 2390	1
2569	2390 2430 2431 2391	1
2570	2391 2431 2432 2392	1
2571	2392 2432 2433 2393	1
2572	2393 2433 2434 2394	1
2573	2394 2434 2435 2395	1
2574	2395 2435 2436 2396	1
2575	2396 2436 2437 2397	1
2576	2397 2437 2438 2398	1
2577	2398 2438 2439 2399	1
2578	2399 2439 2440 2400	1
2579	2400 2440 2441 2401	1
2580	2401 2441 2442 2402	1
2581	2402 2442 2443 2403	1
2582	2403 2443 2444 2404	1
2583	2404 2444 2445 2405	1
2584	2405 2445 2446 2406	1
2585	2406 2446 2447 2407	1
2586	2407 2447 2448 2408	1
2587	2408 2448 2449 2409	1
2588	2409 2449 2450 2410	1
2589	2410 2450 2451 2411	1
2590	2411 2451 2452 2412	1
2591	2412 2452 2453 2413	1
2592	2413 2453 2454 2414	1
2593	2414 2454 2455 2415	1
2594	2415 2455 2456 2416	1
2595	2416 2456 2457 2417	1
2596	2417 2457 2458 2418	1
2597	2418 2458 2459 2419	1
2598	2419 2459 2460 2420	1
2599	2420 2460 2421 2381	1
2600	2421 2461 2462 2422	1
2601	2422 2462 2463 2423	1
2602	2423 2463 2464 2424	1
2603	2424 2464 2465 2425	1
2604	2425 2465 2466 2426	1
2605	2426 2466 2467 2427	1
2606	2427 2467 2468 2428	1
2607	2428 2468 2469 2429	1
2608	2429 2469 2470 2430	1
2609	2430 2470 2471 2431	1
2610	2431 2471 2472 2432	1
2611	2432 2472 2473 2433	1
2612	2433 2473 2474 2434	1
2613	2434 2474 2475 2435	1
2614	2435 2475 2476 2436	1
2615	2436 2476 2477 2437	1
2616	2437 2477 2478 2438	1
2617	2438 2478 2479 2439	1
2618	2439 2479 2480 2440	1
2619	2440 2480 2481 2441	1
2620	2441 2481 2482 2442	1
2621	2442 2482 2483 2443	1
2622	2443 2483 2484 2444	1
2623	2444 2484 2485 2445	1
2624	2445 2485 2486 2446	1
2625	2446 2486 2487 2447	1
2626	2447 2487 2488 2448	1
2627	2448 2488 2489 2449	1
2628	2449 2489 2490 2450	1
2629	2450 2490 2491 2451	1
2630	2451 2491 2492 2452	1
2631	2452 2492 2493 2453	1
2632	2453 2493 2494 2454	1
2633	2454 2494 2495 2455	1
2634	2455 2495 2496 2456	1
2635	2456 2496 2497 2457	1
2636	2457 2497 2498 2458	1
2637	2458 2498 2499 2459	1
2638	2459 2499 2500 2460	1
2639	2460 2500 2461 2421	1
2640	2461 2501 2502 2462	1
2641	2462 2502 2503 2463	1
2642	2463 2503 2504 2464	1
2643	2464 2504 2505 2465	1
2644	2465 2505 2506 2466	1
2645	2466 2506 2507 2467	1
2646	2467 2507 2508 2468	1
2647	2468 2508 2509 2469	1
2648	2469 2509 2510 2470	1
2649	2470 2510 2511 2471	1
2650	2471 2511 2512 2472	1
2651	2472 2512 2513 2473	1
2652	2473 2513 2514 2474	1
2653	2474 2514 2515 2475	1
2654	2475 2515 2516 2476	1
2655	2476 2516 2517 2477	1
2656	2477 2517 2518 2478	1
2657	2478 2518 2519 2479	1
2658	2479 2519 2520 2480	1
2659	2480 2520 2521 2481	1
2660	2481 2521 2522 2482	1
2661	2482 2522 2523 2483	1
2662	2483 2523 2524 2484	1
2663	2484 2524 2525 2485	1
2664	2485 2525 2526 2486	1
2665	2486 2526 2527 2487	1
2666	2487 2527 2528 2488	1
2667	2488 2528 2529 2489	1
2668	2489 2529 2530 2490	1
2669	2490 2530 2531 2491	1
2670	2491 2531 2532 2492	1
2671	2492 2532 2533 2493	1
2672	2493 2533 2534 2494	1
2673	2494 2534 2535 2495	1
2674	2495 2535 2536 2496	1
2675	2496 2536 2537 2497	1
2676	2497 2537 2538 2498	1
2677	2498 2538 2539 2499	1
2678	2499 2539 2540 2500	1
2679	2500 2540 2501 2461	1
2680	2501 2541 2542 2502	1
2681	2502 2542 2543 2503	1
2682	2503 2543 2544 2504	1
2683	2504 2544 2545 2505	1
2684	2505 2545 2546 2506	1
2685	2506 2546 2547 2507	1
2686	2507 2547 2548 2508	1
2687	2508 2548 2549 2509	1
2688	2509 2549 2550 2510	1
2689	2510 2550 2551 2511	1
2690	2511 2551 2552 2512	1
2691	2512 2552 2553 2513	1
2692	2513 2553 2554 2514	1
2693	2514 2554 2555 2515	1
2694	2515 2555 2556 2516	1
2695	2516 2556 2557 2517	1
2696	2517 2557 2558 2518	1
2697	2518 2558 2559 2519	1
2698	2519 2559 2560 2520	1
2699	2520 2560 2561 2521	1
2700	2521 2561 2562 2522	1
2701	2522 2562 2563 2523	1
2702	2523 2563 2564 2524	1
2703	2524 2564 2565 2525	1
2704	2525 2565 2566 2526	1
2705	2526 2566 2567 2527	1
2706	2527 2567 2568 2528	1
2707	2528 2568 2569 2529	1
2708	2529 2569 2570 2530	1
2709	2530 2570 2571 2531	1
2710	2531 2571 2572 2532	1
2711	2532 2572 2573 2533	1
2712	2533 2573 2574 2534	1
2713	2534 2574 2575 2535	1
2714	2535 2575 2576 2536	1
2715	2536 2576 2577 2537	1
2716	2537 2577 2578 2538	1
2717	2538 2578 2579 2539	1
2718	2539 2579 2580 2540	1
2719	2540 2580 2541 2501	1
2720	2541 2581 2582 2542	1
2721	2542 2582 2583 2543	1
2722	2543 2583 2584 2544	1
2723	2544 2584 2585 2545	1
2724	2545 2585 2586 2546	1
2725	2546 2586 2587 2547	1
2726	2547 2587 2588 2548	1
2727	2548 2588 2589 2549	1
2728	2549 2589 2590 2550	1
2729	2550 2590 2591 2551	1
2730	2551 2591 2592 2552	1
2731	2552 2592 2593 2553	1
2732	2553 2593 2594 2554	1
2733	2554 2594 2595 2555	1
2734	2555 2595 2596 2556	1
2735	2556 2596 2597 2557	1
2736	2557 2597 2598 2558	1
2737	2558 2598 2599 2559	1
2738	2559 2599 2600 2560	1
2739	2560 2600 2601 2561	1
2740	2561 2601 2602 2562	1
2741	2562 2602 2603 2563	1
2742	2563 2603 2604 2564	1
2743	2564 2604 2605 2565	1
2744	2565 2605 2606 2566	1
2745	2566 2606 2607 2567	1
2746	2567 2607 2608 2568	1
2747	2568 2608 2609 2569	1
2748	2569 2609 2610 2570	1
2749	2570 2610 2611 2571	1
2750	2571 2611 2612 2572	1
2751	2572 2612 2613 2573	1
2752	2573 2613 2614 2574	1
2753	2574 2614 2615 2575	1
2754	2575 2615 2616 2576	1
2755	2576 2616 2617 2577	1
2756	2577 2617 2618 2578	1
2757	2578 2618 2619 2579	1
2758	2579 2619 2620 2580	1
2759	2580 2620 2581 2541	1
2760	2581 2621 2622 2582	1
2761	2582 2622 2623 2583	1
2762	2583 2623 2624 2584	1
2763	2584 2624 2625 2585	1
2764	2585 2625 2626 2586	1
2765	2586 2626 2627 2587	1
2766	2587 2627 2628 2588	1
2767	2588 2628 2629 2589	1
2768	2589 2629 2630 2590	1
2769	2590 2630 2631 2591	1
2770	2591 2631 2632 2592	1
2771	2592 2632 2633 2593	1
2772	2593 2633 2634 2594	1
2773	2594 2634 2635 2595	1
2774	2595 2635 2636 2596	1
2775	2596 2636 2637 2597	1
2776	2597 2637 2638 2598	1
2777	2598 2638 2639 2599	1
2778	2599 2639 2640 2600	1
2779	2600 2640 2641 2601	1
2780	2601 2641 2642 2602	1
2781	2602 2642 2643 2603	1
2782	2603 2643 2644 2604	1
2783	2604 2644 2645 2605	1
2784	2605 2645 2646 2606	1
2785	2606 2646 2647 2607	1
2786	2607 2647 2648 2608	1
2787	2608 2648 2649 2609	1
2788	2609 2649 2650 2610	1
2789	2610 2650 2651 2611	1
2790	2611 2651 2652 2612	1
2791	2612 2652 2653 2613	1
2792	2613 2653 2654 2614	1
2793	2614 2654 2655 2615	1
2794	2615 2655 2656 2616	1
2795	2616 2656 2657 2617	1
2796	2617 2657 2658 2618	1
2797	2618 2658 2659 2619	1
2798	2619 2659 2660 2620	1
2799	2620 2660 2621 2581	1
2800	2621 2661 2662 2622	1
2801	2622 2662 2663 2623	1
2802	2623 2663 2664 2624	1
2803	2624 2664 2665 2625	1
2804	2625 2665 2666 2626	1
2805	2626 2666 2667 2627	1
2806	2627 2667 2668 2628	1
2807	2628 2668 2669 2629	1
2808	2629 2669 2670 2630	1
2809	2630 2670 2671 2631	1
2810	2631 2671 2672 2632	1
2811	2632 2672 2673 2633	1
2812	2633 2673 2674 2634	1
2813	2634 2674 2675 2635	1
2814	2635 2675 2676 2636	1
2815	2636 2676 2677 2637	1
2816	2637 2677 2678 2638	1
2817	2638 2678 2679 2639	1
2818	2639 2679 2680 2640	1
2819	2640 2680 2681 2641	1
2820	2641 2681 2682 2642	1
2821	2642 2682 2683 2643	1
2822	2643 2683 2684 2644	1
2823	2644 2684 2685 2645	1
2824	2645 2685 2686 2646	1
2825	2646 2686 2687 2647	1
2826	2647 2687 2688 2648	1
2827	2648 2688 2689 2649	1
2828	2649 2689 2690 2650	1
2829	2650 2690 2691 2651	1
2830	2651 2691 2692 2652	1
2831	2652 2692 2693 2653	1
2832	2653 2693 2694 2654	1
2833	2654 2694 2695 2655	1
2834	2655 2695 2696 2656	1
2835	2656 2696 2697 2657	1
2836	2657 2697 2698 2658	1
2837	2658 2698 2699 2659	1
2838	2659 2699 2700 2660	1
2839	2660 2700 2661 2621	1
2840	2701 2703 2702	1
2841	2701 2704 2703	1
2842	2701 2705 2704	1
2843	2701 2706 2705	1
2844	2701 2707 2706	1
2845	2701 2708 2707	1
2846	2701 2709 2708	1
2847	2701 2710 2709	1
2848	2701 2711 2710	1
2849	2701 2712 2711	1
2850	2701 2713 2712	1
2851	2701 2714 2713	1
2852	2701 2715 2714	1
2853	2701 2716 2715	1
2854	2701 2717 2716	1
2855	2701 2718 2717	1
2856	2701 2719 2718	1
2857	2701 2720 2719	1
2858	2701 2721 2720	1
2859	2701 2722 2721	1
2860	2701 2723 2722	1
2861	2701 2724 2723	1
2862	2701 2725 2724	1
2863	2701 2726 2725	1
2864	2701 2727 2726	1
2865	2701 2728 2727	1
2866	2701 2729 2728	1
2867	2701 2730 2729	1
2868	2701 2731 2730	1
2869	2701 2732 2731	1
2870	2701 2733 2732	1
2871	2701 2734 2733	1
2872	2701 2735 2734	1
2873	2701 2736 2735	1
2874	2701 2737 2736	1
2875	2701 2738 2737	1
2876	2701 2739 2738	1
2877	2701 2740 2739	1
2878	2701 2741 2740	1
2879	2701 2702 2741	1
2880	2702 2703 2743 2742	1
2881	2703 2704 2744 2743	1
2882	2704 2705 2745 2744	1
2883	2705 2706 2746 2745	1
2884	2706 2707 2747 2746	1
2885	2707 2708 2748 2747	1
2886	2708 2709 2749 2748	1
2887	2709 2710 2750 2749	1
2888	2710 2711 2751 2750	1
2889	2711 2712 2752 2751	1
2890	2712 2713 2753 2752	1
2891	2713 2714 2754 2753	1
2892	2714 2715 2755 2754	1
2893	2715 2716 2756 2755	1
2894	2716 2717 2757 2756	1
2895	2717 2718 2758 2757	1
2896	2718 2719 2759 2758	1
2897	2719 2720 2760 2759	1
2898	2720 2721 2761 2760	1
2899	2721 2722 2762 2761	1
2900	2722 2723 2763 2762	1
2901	2723 2724 2764 2763	1
2902	2724 2725 2765 2764	1
2903	2725 2726 2766 2765	1
2904	2726 2727 2767 2766	1
2905	2727 2728 2768 2767	1
2906	2728 2729 2769 2768	1
2907	2729 2730 2770 2769	1
2908	2730 2731 2771 2770	1
2909	2731 2732 2772 2771	1
2910	2732 2733 2773 2772	1
2911	2733 2734 2774 2773	1
2912	2734 2735 2775 2774	1
2913	2735 2736 2776 2775	1
2914	2736 2737 2777 2776	1
2915	2737 2738 2778 2777	1
2916	2738 2739 2779 2778	1
2917	2739 2740 2780 2779	1
2918	2740 2741 2781 2780	1
2919	2741 2702 2742 2781	1
2920	2742 2743 2783 2782	1
2921	2743 2744 2784 2783	1
2922	2744 2745 2785 2784	1
2923	2745 2746 2786 2785	1
2924	2746 2747 2787 2786	1
2925	2747 2748 2788 2787	1
2926	2748 2749 2789 2788	1
2927	2749 2750 2790 2789	1
2928	2750 2751 2791 2790	1
2929	2751 2752 2792 2791	1
2930	2752 2753 2793 2792	1
2931	2753 2754 2794 2793	1
2932	2754 2755 2795 2794	1
2933	2755 2756 2796 2795	1
2934	2756 2757 2797 2796	1
2935	2757 2758 2798 2797	1
2936	2758 2759 2799 2798	1
2937	2759 2760 2800 2799	1
2938	2760 2761 2801 2800	1
2939	2761 2762 2802 2801	1
2940	2762 2763 2803 2802	1
2941	2763 2764 2804 2803	1
2942	2764 2765 2805 2804	1
2943	2765 2766 2806 2805	1
2944	2766 2767 2807 2806	1
2945	2767 2768 2808 2807	1
2946	2768 2769 2809 2808	1
2947	2769 2770 2810 2809	1
2948	2770 2771 2811 2810	1
2949	2771 2772 2812 2811	1
2950	2772 2773 2813 2812	1
2951	2773 2774 2814 2813	1
2952	2774 2775 2815 2814	1
2953	2775 2776 2816 2815	1
2954	2776 2777 2817 2816	1
2955	2777 2778 2818 2817	1
2956	2778 2779 2819 2818	1
2957	2779 2780 2820 2819	1
2958	2780 2781 2821 2820	1
2959	2781 2742 2782 2821	1
2960	2782 2783 2823 2822	1
2961	2783 2784 2824 2823	1
2962	2784 2785 2825 2824	1
2963	2785 2786 2826 2825	1
2964	2786 2787 2827 2826	1
2965	2787 2788 2828 2827	1
2966	2788 2789 2829 2828	1
2967	2789 2790 2830 2829	1
2968	2790 2791 2831 2830	1
2969	2791 2792 2832 2831	1
2970	2792 2793 2833 2832	1
2971	2793 2794 2834 2833	1
2972	2794 2795 2835 2834	1
2973	2795 2796 2836 2835	1
2974	2796 2797 2837 2836	1
2975	2797 2798 2838 2837	1
2976	2798 2799 2839 2838	1
2977	2799 2800 2840 2839	1
2978	2800 2801 2841 2840	1
2979	2801 2802 2842 2841	1
2980	2802 2803 2843 2842	1
2981	2803 2804 2844 2843	1
2982	2804 2805 2845 2844	1
2983	2805 2806 2846 2845	1
2984	2806 2807 2847 2846	1
2985	2807 2808 2848 2847	1
2986	2808 2809 2849 2848	1
2987	2809 2810 2850 2849	1
2988	2810 2811 2851 2850	1
2989	2811 2812 2852 2851	1
2990	2812 2813 2853 2852	1
2991	2813 2814 2854 2853	1
2992	2814 2815 2855 2854	1
2993	2815 2816 2856 2855	1
2994	2816 2817 2857 2856	1
2995	2817 2818 2858 2857	1
2996	2818 2819 2859 2858	1
2997	2819 2820 2860 2859	1
2998	2820 2821 2861 2860	1
2999	2821 2782 2822 2861	1
3000	2822 2823 2863 2862	1
3001	2823 2824 2864 2863	1
3002	2824 2825 2865 2864	1
3003	2825 2826 2866 2865	1
3004	2826 2827 2867 2866	1
3005	2827 2828 2868 2867	1
3006	2828 2829 2869 2868	1
3007	2829 2830 2870 2869	1
3008	2830 2831 2871 2870	1
3009	2831 2832 2872 2871	1
3010	2832 2833 2873 2872	1
3011	2833 2834 2874 2873	1
3012	2834 2835 2875 2874	1
3013	2835 2836 2876 2875	1
3014	2836 2837 2877 2876	1
3015	2837 2838 2878 2877	1
3016	2838 2839 2879 2878	1
3017	2839 2840 2880 2879	1
3018	2840 2841 2881 2880	1
3019	2841 2842 2882 2881	1
3020	2842 2843 2883 2882	1
3021	2843 2844 2884 2883	1
3022	2844 2845 2885 2884	1
3023	2845 2846 2886 2885	1
3024	2846 2847 2887 2886	1
3025	2847 2848 2888 2887	1
3026	2848 2849 2889 2888	1
3027	2849 2850 2890 2889	1
3028	2850 2851 2891 2890	1
3029	2851 2852 2892 2891	1
3030	2852 2853 2893 2892	1
3031	2853 2854 2894 2893	1
3032	2854 2855 2895 2894	1
3033	2855 2856 2896 2895	1
3034	2856 2857 2897 2896	1
3035	2857 2858 2898 2897	1
3036	2858 2859 2899 2898	1
3037	2859 2860 2900 2899	1
3038	2860 2861 2901 2900	1
3039	2861 2822 2862 2901	1
3040	2862 2863 2903 2902	1
3041	2863 2864 2904 2903	1
3042	2864 2865 2905 2904	1
3043	2865 2866 2906 2905	1
3044	2866 2867 2907 2906	1
3045	2867 2868 2908 2907	1
3046	2868 2869 2909 2908	1
3047	2869 2870 2910 2909	1
3048	2870 2871 2911 2910	1
3049	2871 2872 2912 2911	1
3050	2872 2873 2913 2912	1
3051	2873 2874 2914 2913	1
3052	2874 2875 2915 2914	1
3053	2875 2876 2916 2915	1
3054	2876 2877 2917 2916	1
3055	2877 2878 2918 2917	1
3056	2878 2879 2919 2918	1
3057	2879 2880 2920 2919	1
3058	2880 2881 2921 2920	1
3059	2881 2882 2922 2921	1
3060	2882 2883 2923 2922	1
3061	2883 2884 2924 2923	1
3062	2884 2885 2925 2924	1
3063	2885 2886 2926 2925	1
3064	2886 2887 2927 2926	1
3065	2887 2888 2928 2927	1
3066	2888 2889 2929 2928	1
3067	2889 2890 2930 2929	1
3068	2890 2891 2931 2930	1
3069	2891 2892 2932 2931	1
3070	2892 2893 2933 2932	1
3071	2893 2894 2934 2933	1
3072	2894 2895 2935 2934	1
3073	2895 2896 2936 2935	1
3074	2896 2897 2937 2936	1
3075	2897 2898 2938 2937	1
3076	2898 2899 2939 2938	1
3077	2899 2900 2940 2939	1
3078	2900 2901 2941 2940	1
3079	2901 2862 2902 2941	1
3080	2902 2903 2943 2942	1
3081	2903 2904 2944 2943	1
3082	2904 2905 2945 2944	1
3083	2905 2906 2946 2945	1
3084	2906 2907 2947 2946	1
3085	2907 2908 2948 2947	1
3086	2908 2909 2949 2948	1
3087	2909 2910 2950 2949	1
3088	2910 2911 2951 2950	1
3089	2911 2912 2952 2951	1
3090	2912 2913 2953 2952	1
3091	2913 2914 2954 2953	1
3092	2914 2915 2955 2954	1
3093	2915 2916 2956 2955	1
3094	2916 2917 2957 2956	1
3095	2917 2918 2958 2957	1
3096	2918 2919 2959 2958	1
3097	2919 2920 2960 2959	1
3098	2920 2921 2961 2960	1
3099	2921 2922 2962 2961	1
3100	2922 2923 2963 2962	1
3101	2923 2924 2964 2963	1
3102	2924 2925 2965 2964	1
3103	2925 2926 2966 2965	1
3104	2926 2927 2967 2966	1
3105	2927 2928 2968 2967	1
3106	2928 2929 2969 2968	1
3107	2929 2930 2970 2969	1
3108	2930 2931 2971 2970	1
3109	2931 2932 2972 2971	1
3110	2932 2933 2973 2972	1
3111	2933 2934 2974 2973	1
3112	2934 2935 2975 2974	1
3113	2935 2936 2976 2975	1
3114	2936 2937 2977 2976	1
3115	2937 2938 2978 2977	1
3116	2938 2939 2979 2978	1
3117	2939 2940 2980 2979	1
3118	2940 2941 2981 2980	1
3119	2941 2902 2942 2981	1
3120	2942 2943 2983 2982	1
3121	2943 2944 2984 2983	1
3122	2944 2945 2985 2984	1
3123	2945 2946 2986 2985	1
3124	2946 2947 2987 2986	1
3125	2947 2948 2988 2987	1
3126	2948 2949 2989 2988	1
3127	2949 2950 2990 2989	1
3128	2950 2951 2991 2990	1
3129	2951 2952 2992 2991	1
3130	2952 2953 2993 2992	1
3131	2953 2954 2994 2993	1
3132	2954 2955 2995 2994	1
3133	2955 2956 2996 2995	1
3134	2956 2957 2997 2996	1
3135	2957 2958 2998 2997	1
3136	2958 2959 2999 2998	1
3137	2959 2960 3000 2999	1
3138	2960 2961 3001 3000	1
3139	2961 2962 3002 3001	1
3140	2962 2963 3003 3002	1
3141	2963 2964 3004 3003	1
3142	2964 2965 3005 3004	1
3143	2965 2966 3006 3005	1
3144	2966 2967 3007 3006	1
3145	2967 2968 3008 3007	1
3146	2968 2969 3009 3008	1
3147	2969 2970 3010 3009	1
3148	2970 2971 3011 3010	1
3149	2971 2972 3012 3011	1
3150	2972 2973 3013 3012	1
3151	2973 2974 3014 3013	1
3152	2974 2975 3015 3014	1
3153	2975 2976 3016 3015	1
3154	2976 2977 3017 3016	1
3155	2977 2978 3018 3017	1
3156	2978 2979 3019 3018	1
3157	2979 2980 3020 3019	1
3158	2980 2981 3021 3020	1
3159	2981 2942 2982 3021	1
3160	2982 2983 3023 3022	1
3161	2983 2984 3024 3023	1
3162	2984 2985 3025 3024	1
3163	2985 2986 3026 3025	1
3164	2986 2987 3027 3026	1
3165	2987 2988 3028 3027	1
3166	2988 2989 3029 3028	1
3167	2989 2990 3030 3029	1
3168	2990 2991 3031 3030	1
3169	2991 2992 3032 3031	1
3170	2992 2993 3033 3032	1
3171	2993 2994 3034 3033	1
3172	2994 2995 3035 3034	1
3173	2995 2996 3036 3035	1
3174	2996 2997 3037 3036	1
3175	2997 2998 3038 3037	1
3176	2998 2999 3039 3038	1
3177	2999 3000 3040 3039	1
3178	3000 3001 3041 3040	1
3179	3001 3002 3042 3041	1
3180	3002 3003 3043 3042	1
3181	3003 3004 3044 3043	1
3182	3004 3005 3045 3044	1
3183	3005 3006 3046 3045	1
3184	3006 3007 3047 3046	1
3185	3007 3008 3048 3047	1
3186	3008 3009 3049 3048	1
3187	3009 3010 3050 3049	1
3188	3010 3011 3051 3050	1
3189	3011 3012 3052 3051	1
3190	3012 3013 3053 3052	1
3191	3013 3014 3054 3053	1
3192	3014 3015 3055 3054	1
3193	3015 3016 3056 3055	1
3194	3016 3017 3057 3056	1
3195	3017 3018 3058 3057	1
3196	3018 3019 3059 3058	1
3197	3019 3020 3060 3059	1
3198	3020 3021 3061 3060	1
3199	3021 2982 3022 3061	1
3200	3022 3023 3063 3062	1
3201	3023 3024 3064 3063	1
3202	3024 3025 3065 3064	1
3203	3025 3026 3066 3065	1
3204	3026 3027 3067 3066	1
3205	3027 3028 3068 3067	1
3206	3028 3029 3069 3068	1
3207	3029 3030 3070 3069	1
3208	3030 3031 3071 3070	1
3209	3031 3032 3072 3071	1
3210	3032 3033 3073 3072	1
3211	3033 3034 3074 3073	1
3212	3034 3035 3075 3074	1
3213	3035 3036 3076 3075	1
3214	3036 3037 3077 3076	1
3215	3037 3038 3078 3077	1
3216	3038 3039 3079 3078	1
3217	3039 3040 3080 3079	1
3218	3040 3041 3081 3080	1
3219	3041 3042 3082 3081	1
3220	3042 3043 3083 3082	1
3221	3043 3044 3084 3083	1
3222	3044 3045 3085 3084	1
3223	3045 3046 3086 3085	1
3224	3046 3047 3087 3086	1
3225	3047 3048 3088 3087	1
3226	3048 3049 3089 3088	1
3227	3049 3050 3090 3089	1
3228	3050 3051 3091 3090	1
3229	3051 3052 3092 3091	1
3230	3052 3053 3093 3092	1
3231	3053 3054 3094 3093	1
3232	3054 3055 3095 3094	1
3233	3055 3056 3096 3095	1
3234	3056 3057 3097 3096	1
3235	3057 3058 3098 3097	1
3236	3058 3059 3099 3098	1
3237	3059 3060 3100 3099	1
3238	3060 3061 3101 3100	1
3239	3061 3022 3062 3101	1
3240	3062 3063 3103 3102	1
3241	3063 3064 3104 3103	1
3242	3064 3065 3105 3104	1
3243	3065 3066 3106 3105	1
3244	3066 3067 3107 3106	1
3245	3067 3068 3108 3107	1
3246	3068 3069 3109 3108	1
3247	3069 3070 3110 3109	1
3248	3070 3071 3111 3110	1
3249	3071 3072 3112 3111	1
3250	3072 3073 3113 3112	1
3251	3073 3074 3114 3113	1
3252	3074 3075 3115 3114	1
3253	3075 3076 3116 3115	1
3254	3076 3077 3117 3116	1
3255	3077 3078 3118 3117	1
3256	3078 3079 3119 3118	1
3257	3079 3080 3120 3119	1
3258	3080 3081 3121 3120	1
3259	3081 3082 3122 3121	1
3260	3082 3083 3123 3122	1
3261	3083 3084 3124 3123	1
3262	3084 3085 3125 3124	1
3263	3085 3086 3126 3125	1
3264	3086 3087 3127 3126	1
3265	3087 3088 3128 3127	1
3266	3088 3089 3129 3128	1
3267	3089 3090 3130 3129	1
3268	3090 3091 3131 3130	1
3269	3091 3092 3132 3131	1
3270	3092 3093 3133 3132	1
3271	3093 3094 3134 3133	1
3272	3094 3095 3135 3134	1
3273	3095 3096 3136 3135	1
3274	3096 3097 3137 3136	1
3275	3097 3098 3138 3137	1
3276	3098 3099 3139 3138	1
3277	3099 3100 3140 3139	1
3278	3100 3101 3141 3140	1
3279	3101 3062 3102 3141	1
3280	3102 3103 3143 3142	1
3281	3103 3104 3144 3143	1
3282	3104 3105 3145 3144	1
3283	3105 3106 3146 3145	1
3284	3106 3107 3147 3146	1
3285	3107 3108 3148 3147	1
3286	3108 3109 3149 3148	1
3287	3109 3110 3150 3149	1
3288	3110 3111 3151 3150	1
3289	3111 3112 3152 3151	1
3290	3112 3113 3153 3152	1
3291	3113 3114 3154 3153	1
3292	3114 3115 3155 3154	1
3293	3115 3116 3156 3155	1
3294	3116 3117 3157 3156	1
3295	3117 3118 3158 3157	1
3296	3118 3119 3159 3158	1
3297	3119 3120 3160 3159	1
3298	3120 3121 3161 3160	1
3299	3121 3122 3162 3161	1
3300	3122 3123 3163 3162	1
3301	3123 3124 3164 3163	1
3302	3124 3125 3165 3164	1
3303	3125 3126 3166 3165	1
3304	3126 3127 3167 3166	1
3305	3127 3128 3168 3167	1
3306	3128 3129 3169 3168	1
3307	3129 3130 3170 3169	1
3308	3130 3131 3171 3170	1
3309	3131 3132 3172 3171	1
3310	3132 3133 3173 3172	1
3311	3133 3134 3174 3173	1
3312	3134 3135 3175 3174	1
3313	3135 3136 3176 3175	1
3314	3136 3137 3177 3176	1
3315	3137 3138 3178 3177	1
3316	3138 3139 3179 3178	1
3317	3139 3140 3180 3179	1
3318	3140 3141 3181 3180	1
3319	3141 3102 3142 3181	1
3320	3142 3143 3183 3182	1
3321	3143 3144 3184 3183	1
3322	3144 3145 3185 3184	1
3323	3145 3146 3186 3185	1
3324	3146 3147 3187 3186	1
3325	3147 3148 3188 3187	1
3326	3148 3149 3189 3188	1
3327	3149 3150 3190 3189	1
3328	3150 3151 3191 3190	1
3329	3151 3152 3192 3191	1
3330	3152 3153 3193 3192	1
3331	3153 3154 3194 3193	1
3332	3154 3155 3195 3194	1
3333	3155 3156 3196 3195	1
3334	3156 3157 3197 3196	1
3335	3157 3158 3198 3197	1
3336	3158 3159 3199 3198	1
3337	3159 3160 3200 3199	1
3338	3160 3161 3201 3200	1
3339	3161 3162 3202 3201	1
3340	3162 3163 3203 3202	1
3341	3163 3164 3204 3203	1
3342	3164 3165 3205 3204	1
3343	3165 3166 3206 3205	1
3344	3166 3167 3207 3206	1
3345	3167 3168 3208 3207	1
3346	3168 3169 3209 3208	1
3347	3169 3170 3210 3209	1
3348	3170 3171 3211 3210	1
3349	3171 3172 3212 3211	1
3350	3172 3173 3213 3212	1
3351	3173 3174 3214 3213	1
3352	3174 3175 3215 3214	1
3353	3175 3176 3216 3215	1
3354	3176 3177 3217 3216	1
3355	3177 3178 3218 3217	1
3356	3178 3179 3219 3218	1
3357	3179 3180 3220 3219	1
3358	3180 3181 3221 3220	1
3359	3181 3142 3182 3221	1
3360	3182 3183 3223 3222	1
3361	3183 3184 3224 3223	1
3362	3184 3185 3225 3224	1
3363	3185 3186 3226 3225	1
3364	3186 3187 3227 3226	1
3365	3187 3188 3228 3227	1
3366	3188 3189 3229 3228	1
3367	3189 3190 3230 3229	1
3368	3190 3191 3231 3230	1
3369	3191 3192 3232 3231	1
3370	3192 3193 3233 3232	1
3371	3193 3194 3234 3233	1
3372	3194 3195 3235 3234	1
3373	3195 3196 3236 3235	1
3374	3196 3197 3237 3236	1
3375	3197 3198 3238 3237	1
3376	3198 3199 3239 3238	1
3377	3199 3200 3240 3239	1
3378	3200 3201 3241 3240	1
3379	3201 3202 3242 3241	1
3380	3202 3203 3243 3242	1
3381	3203 3204 3244 3243	1
3382	3204 3205 3245 3244	1
3383	3205 3206 3246 3245	1
3384	3206 3207 3247 3246	1
3385	3207 3208 3248 3247	1
3386	3208 3209 3249 3248	1
3387	3209 3210 3250 3249	1
3388	3210 3211 3251 3250	1
3389	3211 3212 3252 3251	1
3390	3212 3213 3253 3252	1
3391	3213 3214 3254 3253	1
3392	3214 3215 3255 3254	1
3393	3215 3216 3256 3255	1
3394	3216 3217 3257 3256	1
3395	3217 3218 3258 3257	1
3396	3218 3219 3259 3258	1
3397	3219 3220 3260 3259	1
3398	3220 3221 3261 3260	1
3399	3221 3182 3222 3261	1
3400	3222 3223 3263 3262	1
3401	3223 3224 3264 3263	1
3402	3224 3225 3265 3264	1
3403	3225 3226 3266 3265	1
3404	3226 3227 3267 3266	1
3405	3227 3228 3268 3267	1
3406	3228 3229 3269 3268	1
3407	3229 3230 3270 3269	1
3408	3230 3231 3271 3270	1
3409	3231 3232 3272 3271	1
3410	3232 3233 3273 3272	1
3411	3233 3234 3274 3273	1
3412	3234 3235 3275 3274	1
3413	3235 3236 3276 3275	1
3414	3236 3237 3277 3276	1
3415	3237 3238 3278 3277	1
3416	3238 3239 3279 3278	1
3417	3239 3240 3280 3279	1
3418	3240 3241 3281 3280	1
3419	3241 3242 3282 3281	1
3420	3242 3243 3283 3282	1
3421	3243 3244 3284 3283	1
3422	3244 3245 3285 3284	1
3423	3245 3246 3286 3285	1
3424	3246 3247 3287 3286	1
3425	3247 3248 3288 3287	1
3426	3248 3249 3289 3288	1
3427	3249 3250 3290 3289	1
3428	3250 3251 3291 3290	1
3429	3251 3252 3292 3291	1
3430	3252 3253 3293 3292	1
3431	3253 3254 3294 3293	1
3432	3254 3255 3295 3294	1
3433	3255 3256 3296 3295	1
3434	3256 3257 3297 3296	1
3435	3257 3258 3298 3297	1
3436	3258 3259 3299 3298	1
3437	3259 3260 3300 3299	1
3438	3260 3261 3301 3300	1
3439	3261 3222 3262 3301	1
3440	3262 3263 3303 3302	1
3441	3263 3264 3304 3303	1
3442	3264 3265 3305 3304	1
3443	3265 3266 3306 3305	1
3444	3266 3267 3307 3306	1
3445	3267 3268 3308 3307	1
3446	3268 3269 3309 3308	1
3447	3269 3270 3310 3309	1
3448	3270 3271 3311 3310	1
3449	3271 3272 3312 3311	1
3450	3272 3273 3313 3312	1
3451	3273 3274 3314 3313	1
3452	3274 3275 3315 3314	1
3453	3275 3276 3316 3315	1
3454	3276 3277 3317 3316	1
3455	3277 3278 3318 3317	1
3456	3278 3279 3319 3318	1
3457	3279 3280 3320 3319	1
3458	3280 3281 3321 3320	1
3459	3281 3282 3322 3321	1
3460	3282 3283 3323 3322	1
3461	3283 3284 3324 3323	1
3462	3284 3285 3325 3324	1
3463	3285 3286 3326 3325	1
3464	3286 3287 3327 3326	1
3465	3287 3288 3328 3327	1
3466	3288 3289 3329 3328	1
3467	3289 3290 3330 3329	1
3468	3290 3291 3331 3330	1
3469	3291 3292 3332 3331	1
3470	3292 3293 3333 3332	1
3471	3293 3294 3334 3333	1
3472	3294 3295 3335 3334	1
3473	3295 3296 3336 3335	1
3474	3296 3297 3337 3336	1
3475	3297 3298 3338 3337	1
3476	3298 3299 3339 3338	1
3477	3299 3300 3340 3339	1
3478	3300 3301 3341 3340	1
3479	3301 3262 3302 3341	1
3480	3302 3303 3343 3342	1
3481	3303 3304 3344 3343	1
3482	3304 3305 3345 3344	1
3483	3305 3306 3346 3345	1
3484	3306 3307 3347 3346	1
3485	3307 3308 3348 3347	1
3486	3308 3309 3349 3348	1
3487	3309 3310 3350 3349	1
3488	3310 3311 3351 3350	1
3489	3311 3312 3352 3351	1
3490	3312 3313 3353 3352	1
3491	3313 3314 3354 3353	1
3492	3314 3315 3355 3354	1
3493	3315 3316 3356 3355	1
3494	3316 3317 3357 3356	1
3495	3317 3318 3358 3357	1
3496	3318 3319 3359 3358	1
3497	3319 3320 3360 3359	1
3498	3320 3321 3361 3360	1
3499	3321 3322 3362 3361	1
3500	3322 3323 3363 3362	1
3501	3323 3324 3364 3363	1
3502	3324 3325 3365 3364	1
3503	3325 3326 3366 3365	1
3504	3326 3327 3367 3366	1
3505	3327 3328 3368 3367	1
3506	3328 3329 3369 3368	1
3507	3329 3330 3370 3369	1
3508	3330 3331 3371 3370	1
3509	3331 3332 3372 3371	1
3510	3332 3333 3373 3372	1
3511	3333 3334 3374 3373	1
3512	3334 3335 3375 3374	1
3513	3335 3336 3376 3375	1
3514	3336 3337 3377 3376	1
3515	3337 3338 3378 3377	1
3516	3338 3339 3379 3378	1
3517	3339 3340 3380 3379	1
3518	3340 3341 3381 3380	1
3519	3341 3302 3342 3381	1
3520	3342 3343 3383 3382	1
3521	3343 3344 3384 3383	1
3522	3344 3345 3385 3384	1
3523	3345 3346 3386 3385	1
3524	3346 3347 3387 3386	1
3525	3347 3348 3388 3387	1
3526	3348 3349 3389 3388	1
3527	3349 3350 3390 3389	1
3528	3350 3351 3391 3390	1
3529	3351 3352 3392 3391	1
3530	3352 3353 3393 3392	1
3531	3353 3354 3394 3393	1
3532	3354 3355 3395 3394	1
3533	3355 3356 3396 3395	1
3534	3356 3357 3397 3396	1
3535	3357 3358 3398 3397	1
3536	3358 3359 3399 3398	1
3537	3359 3360 3400 3399	1
3538	3360 3361 3401 3400	1
3539	3361 3362 3402 3401	1
3540	3362 3363 3403 3402	1
3541	3363 3364 3404 3403	1
3542	3364 3365 3405 3404	1
3543	3365 3366 3406 3405	1
3544	3366 3367 3407 3406	1
3545	3367 3368 3408 3407	1
3546	3368 3369 3409 3408	1
3547	3369 3370 3410 3409	1
3548	3370 3371 3411 3410	1
3549	3371 3372 3412 3411	1
3550	3372 3373 3413 3412	1
3551	3373 3374 3414 3413	1
3552	3374 3375 3415 3414	1
3553	3375 3376 3416 3415	1
3554	3376 3377 3417 3416	1
3555	3377 3378 3418 3417	1
3556	3378 3379 3419 3418	1
3557	3379 3380 3420 3419	1
3558	3380 3381 3421 3420	1
3559	3381 3342 3382 3421	1
3560	3382 3383 3423 3422	1
3561	3383 3384 3424 3423	1
3562	3384 3385 3425 3424	1
3563	3385 3386 3426 3425	1
3564	3386 3387 3427 3426	1
3565	3387 3388 3428 3427	1
3566	3388 3389 3429 3428	1
3567	3389 3390 3430 3429	1
3568	3390 3391 3431 3430	1
3569	3391 3392 3432 3431	1
3570	3392 3393 3433 3432	1
3571	3393 3394 3434 3433	1
3572	3394 3395 3435 3434	1
3573	3395 3396 3436 3435	1
3574	3396 3397 3437 3436	1
3575	3397 3398 3438 3437	1
3576	3398 3399 3439 3438	1
3577	3399 3400 3440 3439	1
3578	3400 3401 3441 3440	1
3579	3401 3402 3442 3441	1
3580	3402 3403 3443 3442	1
3581	3403 3404 3444 3443	1
3582	3404 3405 3445 3444	1
3583	3405 3406 3446 3445	1
3584	3406 3407 3447 3446	1
3585	3407 3408 3448 3447	1
3586	3408 3409 3449 3448	1
3587	3409 3410 3450 3449	1
3588	3410 3411 3451 3450	1
3589	3411 3412 3452 3451	1
3590	3412 3413 3453 3452	1
3591	3413 3414 3454 3453	1
3592	3414 3415 3455 3454	1
3593	3415 3416 3456 3455	1
3594	3416 3417 3457 3456	1
3595	3417 3418 3458 3457	1
3596	3418 3419 3459 3458	1
3597	3419 3420 3460 3459	1
3598	3420 3421 3461 3460	1
3599	3421 3382 3422 3461	1
3600	3422 3423 3463 3462	1
3601	3423 3424 3464 3463	1
3602	3424 3425 3465 3464	1
3603	3425 3426 3466 3465	1
3604	3426 3427 3467 3466	1
3605	3427 3428 3468 3467	1
3606	3428 3429 3469 3468	1
3607	3429 3430 3470 3469	1
3608	3430 3431 3471 3470	1
3609	3431 3432 3472 3471	1
3610	3432 3433 3473 3472	1
3611	3433 3434 3474 3473	1
3612	3434 3435 3475 3474	1
3613	3435 3436 3476 3475	1
3614	3436 3437 3477 3476	1
3615	3437 3438 3478 3477	1
3616	3438 3439 3479 3478	1
3617	3439 3440 3480 3479	1
3618	3440 3441 3481 3480	1
3619	3441 3442 3482 3481	1
3620	3442 3443 3483 3482	1
3621	3443 3444 3484 3483	1
3622	3444 3445 3485 3484	1
3623	3445 3446 3486 3485	1
3624	3446 3447 3487 3486	1
3625	3447 3448 3488 3487	1
3626	3448 3449 3489 3488	1
3627	3449 3450 3490 3489	1
3628	3450 3451 3491 3490	1
3629	3451 3452 3492 3491	1
3630	3452 3453 3493 3492	1
3631	3453 3454 3494 3493	1
3632	3454 3455 3495 3494	1
3633	3455 3456 3496 3495	1
3634	3456 3457 3497 3496	1
3635	3457 3458 3498 3497	1
3636	3458 3459 3499 3498	1
3637	3459 3460 3500 3499	1
3638	3460 3461 3501 3500	1
3639	3461 3422 3462 3501	1
3640	3462 3463 3503 3502	1
3641	3463 3464 3504 3503	1
3642	3464 3465 3505 3504	1
3643	3465 3466 3506 3505	1
3644	3466 3467 3507 3506	1
3645	3467 3468 3508 3507	1
3646	3468 3469 3509 3508	1
3647	3469 3470 3510 3509	1
3648	3470 3471 3511 3510	1
3649	3471 3472 3512 3511	1
3650	3472 3473 3513 3512	1
3651	3473 3474 3514 3513	1
3652	3474 3475 3515 3514	1
3653	3475 3476 3516 3515	1
3654	3476 3477 3517 3516	1
3655	3477 3478 3518 3517	1
3656	3478 3479 3519 3518	1
3657	3479 3480 3520 3519	1
3658	3480 3481 3521 3520	1
3659	3481 3482 3522 3521	1
3660	3482 3483 3523 3522	1
3661	3483 3484 3524 3523	1
3662	3484 3485 3525 3524	1
3663	3485 3486 3526 3525	1
3664	3486 3487 3527 3526	1
3665	3487 3488 3528 3527	1
3666	3488 3489 3529 3528	1
3667	3489 3490 3530 3529	1
3668	3490 3491 3531 3530	1
3669	3491 3492 3532 3531	1
3670	3492 3493 3533 3532	1
3671	3493 3494 3534 3533	1
3672	3494 3495 3535 3534	1
3673	3495 3496 3536 3535	1
3674	3496 3497 3537 3536	1
3675	3497 3498 3538 3537	1
3676	3498 3499 3539 3538	1
3677	3499 3500 3540 3539	1
3678	3500 3501 3541 3540	1
3679	3501 3462 3502 3541	1
